# Directed graph: forest_fire_network.txt 
# Save as tab-separated list of edges
# Nodes: 1000 Edges: 5770
# FromNodeId	ToNodeId
1	0
2	1
3	1
4	0
4	1
4	2
5	0
6	0
7	6
8	0
9	0
9	5
10	0
10	8
11	10
12	2
13	0
13	1
13	2
13	3
13	4
13	8
13	10
13	12
14	10
14	11
15	0
15	1
15	2
15	4
15	6
15	7
15	8
15	10
15	11
15	13
15	14
16	9
17	5
18	6
18	7
19	0
19	6
19	7
19	8
19	10
19	15
19	18
20	0
20	1
20	2
20	4
20	6
20	7
20	15
20	18
20	19
21	12
22	7
22	15
22	18
22	19
22	20
23	6
23	7
23	15
23	18
24	0
24	1
24	2
24	4
24	6
24	8
24	10
24	13
24	14
24	15
24	20
25	0
25	1
25	2
25	4
25	6
25	8
25	10
25	11
25	13
25	14
25	15
25	19
25	20
25	22
25	24
26	0
26	1
26	18
26	19
26	20
27	6
27	7
28	3
29	0
29	1
29	2
29	6
29	7
29	8
29	10
29	13
29	15
29	18
29	19
29	20
29	24
29	25
30	1
30	4
31	11
32	24
33	10
34	24
35	19
36	29
37	0
37	1
37	2
37	4
37	6
37	8
37	10
37	11
37	13
37	14
37	15
37	18
37	19
37	20
37	24
37	25
37	26
37	27
37	29
37	31
37	34
37	35
37	36
38	6
38	27
39	5
39	9
39	16
39	17
40	21
41	13
42	0
42	1
42	4
42	5
42	9
42	17
43	32
44	0
44	1
44	2
44	4
44	5
44	7
44	9
44	15
44	17
44	20
44	26
44	42
45	0
45	1
45	2
45	3
45	8
45	13
45	24
45	25
45	28
46	2
46	12
46	13
46	21
46	40
46	41
47	29
47	37
48	46
49	8
49	37
50	6
51	28
52	51
53	20
54	28
54	45
54	51
55	3
55	28
56	51
57	18
58	9
58	42
59	52
60	51
60	52
60	59
61	32
61	43
62	51
62	59
62	60
63	7
64	30
65	11
66	28
66	45
66	51
66	52
66	54
66	59
66	60
67	1
67	2
67	4
68	6
68	38
69	24
70	30
70	64
71	0
71	5
72	2
73	47
74	42
75	25
76	40
77	47
77	73
78	40
79	51
79	62
80	51
80	52
80	54
80	56
80	59
80	66
81	14
82	10
82	14
82	15
82	19
82	25
82	75
83	0
83	1
83	2
83	3
83	4
83	12
83	13
83	15
83	21
83	28
83	30
83	40
83	46
83	55
84	43
84	61
85	81
86	48
87	79
88	41
88	46
89	46
90	11
90	29
90	37
90	47
90	49
90	73
90	77
91	86
92	70
93	2
93	8
93	10
93	11
93	25
93	37
93	47
93	49
93	77
93	90
94	73
95	40
96	18
97	68
98	92
99	51
99	52
99	54
99	56
99	59
99	60
99	62
99	66
99	79
99	80
99	87
100	0
101	51
101	52
101	54
101	59
101	60
101	62
101	66
101	80
101	99
102	21
103	25
104	36
105	10
106	17
107	41
107	46
108	32
108	43
108	61
108	84
109	41
110	81
111	74
112	13
112	83
113	49
114	33
115	82
116	0
116	5
116	7
116	18
116	20
116	44
117	10
118	23
119	28
120	28
120	45
120	55
121	6
121	29
121	37
121	50
121	90
122	118
123	76
124	24
124	25
124	34
124	37
124	47
124	69
124	73
124	90
124	93
124	121
125	32
125	43
125	61
125	84
126	94
127	0
127	5
127	17
127	39
127	106
128	0
128	1
128	2
128	4
128	6
128	8
128	9
128	10
128	18
128	19
128	20
128	23
128	25
128	26
128	44
128	96
128	116
128	118
129	1
129	2
129	3
129	12
129	15
129	19
129	21
129	24
129	27
129	28
129	37
129	38
129	46
129	55
129	68
129	83
129	102
129	128
130	32
130	108
131	46
131	107
132	89
133	19
134	118
134	122
134	128
135	81
136	7
137	48
138	0
138	1
138	3
138	6
138	13
138	19
138	24
138	27
138	28
138	37
138	38
138	45
138	55
138	68
138	83
138	97
138	112
138	120
138	129
139	36
139	37
139	104
140	6
140	7
140	8
140	15
140	18
140	19
140	20
140	22
140	23
140	24
140	27
140	29
140	37
140	124
140	129
140	138
141	41
141	46
141	88
141	109
142	6
142	18
142	19
142	20
142	22
142	24
142	34
142	35
142	37
142	50
142	57
142	121
143	121
143	142
144	66
145	7
146	32
146	43
146	61
146	84
146	108
146	125
146	130
147	24
147	32
147	125
148	81
148	110
149	75
150	94
151	137
152	81
152	110
152	135
153	32
153	43
153	61
153	84
153	108
153	125
153	146
153	147
154	122
155	139
156	105
157	0
157	5
157	19
157	71
157	121
157	138
157	140
157	142
157	143
158	38
159	10
160	0
160	6
160	38
160	102
160	129
161	73
161	90
162	84
163	6
163	15
163	24
163	38
163	45
163	50
163	93
163	121
163	124
163	129
163	138
163	140
163	143
163	157
163	160
164	151
165	164
166	0
166	6
166	7
167	98
168	17
169	164
169	165
170	139
170	155
171	59
172	100
173	80
174	98
174	167
175	10
175	11
175	65
176	44
176	116
176	128
177	2
177	13
178	125
178	147
178	153
179	3
179	28
179	45
179	51
179	52
179	54
179	56
179	59
179	66
179	99
179	101
179	129
179	138
179	140
179	142
179	143
179	163
180	122
180	128
180	134
180	154
181	159
182	51
182	52
182	59
182	80
182	99
183	7
183	9
183	16
183	23
183	29
183	44
183	128
183	140
184	64
184	70
185	140
186	0
186	1
186	3
186	4
186	13
186	67
187	53
188	58
189	65
190	106
191	24
191	29
191	32
191	43
191	47
191	61
191	84
191	108
191	125
191	130
191	140
191	146
191	153
191	178
191	179
192	92
192	98
192	167
192	174
193	18
193	29
194	6
194	10
194	128
194	180
195	0
195	5
195	9
195	17
195	44
195	71
196	0
196	1
196	2
196	4
196	6
196	8
196	10
196	11
196	15
196	18
196	19
196	24
196	25
196	27
196	29
196	35
196	37
196	38
196	50
196	68
196	69
196	93
196	97
196	117
196	121
196	124
196	129
196	138
196	140
196	142
196	157
196	160
196	163
196	178
196	179
196	183
196	191
197	112
197	138
198	58
199	128
199	183
200	61
200	108
200	146
200	191
200	196
201	60
202	0
202	1
202	6
202	26
202	37
202	38
202	68
202	97
202	128
202	129
202	138
202	140
202	157
202	163
202	196
203	142
204	144
205	23
205	128
206	52
206	59
206	62
206	79
206	80
206	99
206	101
206	179
206	182
207	94
207	126
208	81
208	85
209	8
209	9
209	42
209	116
209	128
210	138
211	40
211	78
211	95
212	94
212	126
212	207
213	51
213	52
213	59
213	60
213	66
213	80
213	99
213	144
213	179
214	190
215	7
215	166
216	130
217	70
218	26
219	135
220	145
221	197
222	18
222	20
222	25
222	29
222	96
223	46
223	48
223	137
224	97
224	138
224	157
224	196
224	200
224	202
225	1
225	3
226	117
227	209
228	2
229	114
230	0
230	1
230	2
230	4
230	6
230	7
230	8
230	10
230	13
230	14
230	18
230	19
230	20
230	22
230	24
230	25
230	26
230	27
230	29
230	35
230	36
230	37
230	47
230	50
230	68
230	90
230	96
230	97
230	121
230	124
230	128
230	129
230	138
230	139
230	140
230	142
230	143
230	157
230	163
230	177
230	183
230	196
230	200
230	202
230	205
230	209
230	222
230	224
231	139
232	231
233	18
234	126
235	191
235	200
236	158
237	0
237	1
237	5
237	7
237	10
237	11
237	15
237	20
237	24
237	26
237	37
237	42
237	44
237	58
237	74
237	116
237	176
237	183
237	202
237	209
237	218
237	224
237	230
238	76
238	123
239	128
239	194
240	75
241	76
241	123
241	238
242	0
242	157
242	163
242	196
242	202
242	224
242	230
243	49
244	0
244	1
244	2
244	4
244	6
244	8
244	10
244	11
244	15
244	19
244	25
244	29
244	33
244	35
244	36
244	37
244	44
244	49
244	75
244	90
244	93
244	114
244	117
244	124
244	128
244	139
244	161
244	163
244	230
244	231
244	232
244	240
245	38
245	120
245	138
245	179
245	230
246	82
246	115
247	205
248	29
249	152
250	94
250	126
250	207
250	212
251	42
251	44
252	81
252	110
252	148
253	24
253	32
253	43
253	61
253	125
253	146
253	147
253	153
253	178
253	191
254	104
255	70
255	217
256	0
256	1
256	2
256	4
256	8
256	10
256	11
256	12
256	13
256	15
256	24
256	26
256	45
256	49
256	68
256	83
256	202
256	225
257	118
258	0
258	4
258	6
258	7
258	8
258	10
258	11
258	15
258	20
258	23
258	24
258	25
258	33
258	49
258	68
258	121
258	166
258	222
258	230
258	237
259	1
259	6
259	24
259	34
259	37
259	44
259	122
259	124
259	128
259	129
259	134
259	179
259	180
259	194
259	199
259	200
259	202
259	224
259	230
259	237
259	239
259	242
259	244
259	256
259	258
260	251
261	90
262	2
262	12
262	21
262	46
262	83
262	129
262	138
262	256
262	259
263	123
264	175
265	189
266	63
267	255
268	183
269	62
269	79
270	84
271	200
272	157
272	163
272	202
272	224
272	230
272	237
272	242
272	245
273	59
274	21
274	102
274	160
275	24
275	32
275	61
275	84
276	97
276	176
276	202
276	209
276	227
276	230
276	237
276	245
276	259
276	272
277	9
278	151
278	164
278	165
278	169
279	60
279	101
279	206
280	92
280	98
280	167
280	174
280	192
281	20
281	53
282	26
282	37
282	202
282	209
282	224
282	230
282	237
282	242
282	245
282	272
282	276
283	276
284	18
284	37
284	61
284	146
284	153
284	196
284	200
284	230
284	242
284	244
285	39
286	0
286	1
286	2
286	4
286	6
286	8
286	9
286	10
286	13
286	18
286	24
286	25
286	26
286	27
286	29
286	37
286	38
286	42
286	45
286	83
286	116
286	128
286	129
286	138
286	176
286	196
286	202
286	209
286	242
286	256
286	259
286	262
286	272
286	276
286	282
286	284
287	21
287	40
287	76
287	102
287	123
287	129
287	179
287	238
287	241
287	259
287	263
288	0
288	5
288	6
288	7
288	15
288	18
288	19
288	27
288	34
288	71
288	82
288	116
288	124
288	157
288	202
288	233
288	242
288	256
288	259
288	262
288	286
289	149
290	224
291	9
291	277
292	26
293	66
293	213
294	293
295	30
295	64
295	70
295	92
295	98
295	167
295	174
295	192
295	217
295	255
295	280
296	252
297	171
298	62
299	160
300	189
301	3
301	28
301	51
301	56
301	60
301	179
301	213
301	287
302	64
302	184
303	301
304	164
304	165
304	169
304	278
305	6
305	38
306	75
306	244
307	174
308	148
309	44
309	74
309	111
309	218
309	237
309	276
310	181
311	0
311	1
311	2
311	5
311	20
311	42
311	44
311	237
311	286
312	2
312	24
312	45
312	120
312	147
312	153
312	245
313	22
313	142
314	178
315	187
316	252
316	296
317	123
318	248
319	11
319	65
319	175
320	1
320	6
320	7
320	18
320	19
320	116
320	258
320	286
320	288
321	7
321	18
321	29
321	116
321	193
322	10
322	194
322	239
323	280
324	196
325	105
325	156
326	78
327	7
327	145
328	1
328	30
328	92
328	98
328	192
328	280
328	295
328	323
329	80
329	173
330	25
331	78
331	211
331	326
332	279
333	78
333	211
333	326
333	331
334	260
335	80
336	301
337	0
337	5
337	9
337	42
337	58
338	3
338	28
338	51
338	55
338	59
338	62
338	66
338	79
338	87
338	99
338	171
338	225
338	256
338	269
339	173
339	329
340	55
341	30
341	83
341	255
341	267
341	280
341	295
341	328
342	5
342	9
342	16
342	39
342	42
342	58
342	188
342	198
342	337
343	320
344	28
345	214
346	285
347	270
348	0
348	6
348	244
349	222
350	124
351	16
352	2
353	243
354	183
354	237
355	203
356	248
357	12
357	13
357	21
357	46
357	262
358	13
358	83
358	112
359	166
360	0
360	87
360	99
360	100
360	172
360	179
360	258
360	259
361	81
361	85
361	110
361	135
361	148
361	152
361	208
361	249
361	252
362	82
362	115
362	246
363	1
363	2
363	6
363	7
363	20
363	25
363	30
363	163
363	202
363	237
363	242
363	259
363	276
364	316
365	327
366	169
367	235
368	10
368	11
368	37
368	65
368	77
368	90
368	153
368	175
368	189
368	284
368	319
369	3
369	225
369	256
369	338
370	150
371	0
371	29
372	140
372	196
373	2
374	28
374	51
374	52
374	80
374	120
375	117
375	226
376	6
376	7
376	166
376	215
377	79
377	269
378	37
378	118
378	122
378	128
378	129
378	134
378	154
378	180
378	257
378	259
379	306
380	0
380	1
380	2
380	3
380	4
380	5
380	6
380	7
380	8
380	9
380	10
380	12
380	13
380	15
380	17
380	18
380	19
380	21
380	24
380	25
380	26
380	28
380	29
380	38
380	39
380	42
380	44
380	45
380	46
380	58
380	68
380	75
380	82
380	83
380	102
380	106
380	112
380	118
380	122
380	127
380	128
380	129
380	134
380	138
380	140
380	154
380	157
380	160
380	163
380	180
380	183
380	194
380	195
380	196
380	197
380	202
380	209
380	224
380	228
380	230
380	237
380	242
380	244
380	256
380	257
380	259
380	262
380	272
380	276
380	282
380	286
380	287
380	288
380	301
380	306
380	309
380	311
380	320
380	352
380	357
380	360
380	363
380	378
381	76
381	123
381	238
381	241
381	287
382	322
383	4
383	25
383	42
383	74
383	176
383	237
383	276
383	286
383	380
384	23
384	118
384	121
384	134
384	142
384	143
384	160
384	163
384	180
384	183
384	244
384	258
384	259
384	360
384	378
384	380
385	147
386	11
386	24
386	25
386	29
386	47
386	230
386	237
386	383
387	252
387	296
387	316
387	361
388	189
388	265
388	368
389	106
389	127
389	380
390	365
391	207
391	250
392	99
393	103
394	265
394	388
395	24
395	32
395	130
396	290
397	80
397	173
397	329
397	339
398	48
399	301
400	119
401	386
402	372
403	0
403	1
403	3
403	4
403	8
403	9
403	13
403	17
403	20
403	25
403	28
403	45
403	51
403	52
403	54
403	55
403	56
403	59
403	66
403	75
403	83
403	96
403	120
403	128
403	138
403	179
403	182
403	222
403	230
403	244
403	256
403	258
403	259
403	286
403	338
403	340
403	348
403	369
403	380
403	384
404	208
405	37
405	49
405	113
405	139
405	244
405	259
405	380
406	309
406	380
407	245
408	168
409	0
409	8
409	10
410	226
411	51
411	52
411	59
411	60
411	62
411	66
411	80
411	99
411	144
411	179
411	182
411	213
411	241
411	259
411	287
411	288
411	293
411	294
411	301
411	320
411	336
411	343
411	380
411	381
412	150
412	370
413	43
414	203
415	261
416	51
416	52
416	59
416	60
416	62
416	79
416	87
416	99
416	101
416	179
416	182
416	206
416	269
416	279
416	298
416	332
416	338
416	360
416	377
416	392
417	301
417	411
418	268
419	0
419	1
419	2
419	6
419	10
419	11
419	13
419	18
419	20
419	42
419	65
419	96
419	128
419	175
419	189
419	230
419	286
419	300
419	320
419	348
420	128
420	239
421	13
422	334
423	27
423	194
423	262
423	286
423	380
424	12
425	183
425	268
425	418
426	301
426	303
426	417
427	399
428	39
428	285
428	346
429	349
430	139
430	155
430	170
431	6
432	28
432	54
432	66
432	80
432	157
432	173
432	329
432	380
432	397
433	258
434	42
434	44
434	58
434	128
434	129
434	183
434	188
434	198
434	199
434	237
434	337
434	342
434	380
435	19
436	143
437	28
437	344
438	0
438	6
438	11
438	18
438	19
438	25
438	29
438	31
438	35
438	37
438	142
438	166
438	244
438	286
438	348
439	6
439	7
439	18
439	23
439	66
439	96
439	128
439	213
439	293
439	380
439	384
439	403
440	427
441	206
442	30
442	64
442	70
442	217
443	408
444	76
444	123
444	238
444	241
444	263
444	287
444	381
444	411
445	419
446	81
446	85
446	110
446	135
446	148
446	152
446	208
446	219
446	249
446	252
446	361
447	191
448	45
448	51
448	52
448	54
448	59
448	60
448	62
448	66
448	101
448	416
449	78
450	417
451	14
451	81
451	110
452	32
452	84
452	125
452	191
452	447
453	279
453	332
453	377
453	416
454	395
455	0
455	4
455	17
455	27
455	28
455	30
455	39
455	44
455	64
455	70
455	127
455	176
455	183
455	184
455	196
455	217
455	227
455	230
455	259
455	262
455	268
455	272
455	276
455	280
455	282
455	286
455	295
455	324
455	328
455	341
455	363
455	380
455	403
455	423
455	425
455	439
456	383
457	40
457	95
458	39
458	285
458	346
458	428
459	51
460	6
460	7
460	23
460	118
460	128
460	140
460	166
460	258
460	384
461	233
462	81
462	110
462	148
462	152
462	249
462	252
462	308
462	361
462	446
462	451
463	28
463	45
463	51
463	54
463	55
463	59
463	66
463	83
463	120
463	138
463	262
463	286
463	455
464	328
465	147
465	178
465	385
466	63
467	70
468	182
468	411
469	186
470	329
471	2
471	118
471	122
471	228
471	288
471	301
471	303
471	336
471	380
471	384
471	399
471	411
471	417
471	426
471	427
471	432
472	0
472	2
472	6
472	8
472	10
472	12
472	13
472	21
472	25
472	38
472	43
472	55
472	76
472	83
472	93
472	102
472	123
472	124
472	129
472	139
472	140
472	157
472	160
472	163
472	179
472	183
472	185
472	191
472	196
472	202
472	224
472	230
472	238
472	241
472	242
472	244
472	272
472	282
472	286
472	287
472	299
472	324
472	372
472	380
472	384
472	405
472	423
472	425
472	455
472	460
472	463
473	191
473	235
474	3
474	28
474	344
475	6
475	7
475	15
475	27
475	108
475	140
475	191
475	200
475	235
475	237
475	253
475	423
475	452
475	455
475	463
475	472
475	473
476	123
476	263
476	317
477	333
478	414
479	39
480	30
480	167
480	255
480	267
480	280
480	295
480	328
480	341
480	363
480	455
481	0
481	5
481	8
481	17
481	25
481	42
481	44
481	74
481	111
481	118
481	122
481	134
481	180
481	237
481	251
481	257
481	258
481	259
481	262
481	309
481	357
481	378
481	380
481	383
481	384
481	406
481	423
482	460
483	172
483	360
483	416
484	252
484	462
485	211
485	333
486	339
487	0
487	11
487	15
488	407
489	375
490	170
491	1
491	6
491	7
491	40
491	68
491	76
491	78
491	83
491	138
491	286
491	326
491	380
492	188
493	1
493	2
493	3
493	21
493	26
493	27
493	55
493	82
493	102
493	120
493	129
493	179
493	197
493	246
493	338
493	380
493	471
494	1
494	3
494	10
494	12
494	13
494	24
494	55
494	83
494	129
494	157
494	163
494	179
494	196
494	224
494	230
494	237
494	242
494	245
494	272
494	282
494	286
494	380
494	419
494	439
494	445
494	472
494	474
495	250
495	391
496	265
496	394
497	9
498	0
498	6
498	7
498	50
498	166
498	215
498	230
498	258
498	359
498	376
498	438
499	46
500	275
501	484
502	136
503	417
504	51
504	62
504	79
504	80
504	87
504	99
504	173
504	269
504	329
504	338
504	339
504	411
504	432
504	470
505	484
505	501
506	332
506	416
506	453
507	200
508	276
508	283
509	310
510	52
511	385
511	465
512	356
513	0
513	18
513	19
513	29
513	35
513	37
513	100
513	172
513	186
513	230
513	403
513	469
514	274
515	371
516	123
516	241
516	287
516	476
517	357
518	41
519	6
519	12
519	20
519	38
519	46
519	55
519	68
519	112
519	120
519	128
519	129
519	138
519	142
519	179
519	182
519	222
519	230
519	237
519	244
519	245
519	259
519	262
519	340
519	349
519	380
519	403
519	411
519	438
519	444
519	463
519	468
519	472
519	493
519	494
519	504
520	92
520	98
520	167
520	174
520	192
520	280
520	295
520	328
521	515
522	492
523	2
523	6
523	20
523	53
523	163
523	187
523	281
523	315
524	0
524	1
524	6
524	7
524	10
524	11
524	13
524	14
524	15
524	18
524	19
524	22
524	23
524	25
524	33
524	34
524	35
524	37
524	66
524	124
524	129
524	138
524	157
524	163
524	176
524	182
524	183
524	213
524	230
524	237
524	242
524	258
524	259
524	272
524	293
524	294
524	350
524	354
524	384
524	403
524	411
524	419
524	439
524	445
524	468
524	472
524	481
524	494
524	504
524	513
524	519
525	446
525	462
526	0
526	1
526	311
526	524
527	245
527	494
527	519
528	0
528	5
528	202
528	233
528	288
528	461
529	243
529	353
530	477
531	0
531	1
531	8
531	13
531	24
531	25
531	47
531	77
531	93
531	124
531	224
531	230
531	242
531	259
531	320
531	386
531	401
531	403
531	513
531	524
531	526
532	28
532	54
532	230
532	282
532	380
532	403
532	434
532	455
532	513
533	247
534	255
535	9
536	443
537	150
537	412
538	0
538	8
538	29
538	47
538	73
538	90
538	121
538	124
538	161
538	230
538	261
538	386
538	401
538	526
539	0
539	6
539	475
540	315
541	515
542	88
542	141
543	450
544	0
544	2
544	4
544	7
544	9
544	10
544	12
544	19
544	21
544	26
544	35
544	37
544	40
544	42
544	76
544	78
544	95
544	97
544	128
544	129
544	140
544	142
544	202
544	211
544	218
544	230
544	237
544	286
544	288
544	309
544	326
544	331
544	333
544	439
544	455
544	475
544	477
544	485
544	491
544	513
544	524
544	531
544	532
545	92
546	252
547	103
548	19
548	133
548	142
549	308
550	1
550	2
550	38
550	44
550	45
550	54
550	99
550	120
550	179
550	225
550	245
550	256
550	276
550	282
550	286
550	309
550	312
550	380
550	416
550	455
551	99
552	315
552	523
552	540
553	191
554	540
555	371
555	515
555	521
555	541
556	373
557	86
558	132
559	353
560	85
561	28
561	45
561	51
561	54
561	119
561	179
561	196
561	324
561	455
561	463
561	480
561	544
562	1
562	2
562	228
562	309
562	380
562	406
562	426
562	432
562	471
562	472
562	481
562	493
562	494
562	544
562	550
563	148
563	361
563	462
563	484
563	501
563	505
564	193
565	76
565	241
565	544
565	561
565	562
566	169
567	61
567	108
567	153
567	191
567	196
567	200
567	235
567	275
567	367
567	473
567	475
568	38
568	45
568	138
568	160
568	163
568	230
568	272
568	282
568	524
569	227
570	63
570	466
571	27
572	145
573	221
574	226
575	38
575	68
575	491
575	544
576	32
577	1
577	28
577	30
577	51
577	64
577	70
577	98
577	167
577	192
577	217
577	255
577	267
577	280
577	295
577	323
577	328
577	341
577	442
577	455
577	480
577	520
577	561
578	485
579	311
580	250
580	391
580	495
581	20
581	523
581	552
582	236
583	345
584	525
585	237
586	47
587	461
588	0
588	56
588	100
588	138
588	140
588	172
588	179
588	182
588	196
588	206
588	213
588	224
588	241
588	245
588	279
588	284
588	287
588	293
588	301
588	332
588	360
588	381
588	403
588	411
588	416
588	439
588	444
588	445
588	448
588	453
588	455
588	463
588	468
588	472
588	473
588	475
588	483
588	494
588	506
588	513
588	516
588	519
588	524
588	527
588	539
588	544
588	550
588	561
588	562
588	565
588	567
588	577
589	324
589	472
590	118
591	505
592	0
592	9
592	11
592	90
592	125
592	153
592	284
592	286
592	368
592	588
593	278
593	304
594	97
595	508
596	510
597	140
597	372
597	472
597	494
598	82
599	478
600	480
601	21
601	40
601	76
601	140
601	157
601	196
601	444
601	544
602	433
603	6
603	38
603	305
604	525
604	584
605	193
605	564
606	203
606	355
606	414
607	487
608	266
609	0
609	1
609	2
609	6
609	8
609	12
609	13
609	17
609	21
609	24
609	25
609	45
609	46
609	54
609	106
609	112
609	127
609	128
609	202
609	213
609	241
609	242
609	253
609	262
609	274
609	293
609	294
609	301
609	311
609	336
609	357
609	380
609	403
609	411
609	417
609	426
609	438
609	439
609	448
609	455
609	471
609	472
609	475
609	514
609	517
609	519
609	526
609	531
609	538
609	544
609	562
609	579
609	589
610	13
610	41
610	46
610	48
610	86
610	107
610	131
610	137
610	141
610	223
610	542
611	381
612	95
612	202
612	242
612	256
612	288
612	380
612	416
612	445
612	468
612	493
612	519
612	524
612	531
612	544
612	588
612	609
613	2
613	12
614	95
615	596
616	86
616	557
617	10
617	159
618	469
619	389
620	288
620	528
621	164
621	165
621	169
621	304
622	471
623	385
624	450
624	543
625	572
626	10
626	19
626	20
626	26
626	83
626	112
626	128
626	133
626	138
626	202
626	256
626	259
626	272
626	358
626	380
626	432
626	472
626	491
626	519
626	548
627	290
628	7
628	27
628	51
628	52
628	59
628	79
628	80
628	87
628	101
628	116
628	128
628	129
628	176
628	276
628	279
628	286
628	332
628	411
628	416
628	423
628	432
628	453
628	471
628	483
628	493
628	504
628	506
628	519
628	524
628	550
628	562
628	588
628	609
628	612
628	622
628	626
629	373
630	77
631	122
632	221
633	23
633	205
634	434
634	532
635	2
635	373
635	556
635	629
636	10
636	29
636	193
636	248
636	286
637	11
637	20
637	26
637	37
637	218
637	222
637	237
637	419
638	0
638	4
638	18
638	19
638	26
638	35
638	58
638	82
638	129
638	218
638	230
638	237
638	519
638	544
639	428
640	21
640	40
640	55
640	76
640	95
640	123
640	129
640	177
640	211
640	230
640	238
640	287
640	340
640	403
640	472
640	494
640	588
640	597
640	601
640	612
640	638
641	15
642	66
642	144
642	213
643	85
643	560
644	0
644	1
644	2
644	5
644	8
644	15
644	17
644	20
644	26
644	29
644	39
644	45
644	61
644	106
644	108
644	116
644	127
644	146
644	163
644	200
644	202
644	230
644	237
644	242
644	244
644	245
644	282
644	288
644	352
644	380
644	389
644	407
644	411
644	419
644	455
644	471
644	472
644	475
644	479
644	494
644	524
644	550
644	567
644	588
644	589
644	609
644	612
644	640
645	510
645	596
646	372
647	90
647	261
647	415
647	538
647	609
647	612
647	628
648	16
649	110
649	135
649	148
649	208
649	252
649	296
649	316
649	361
649	387
649	404
649	446
649	462
649	484
649	501
649	525
649	563
650	20
651	94
651	207
652	37
652	55
652	108
652	130
652	138
652	146
652	153
652	178
652	191
652	196
652	200
652	224
652	253
652	284
652	368
652	380
652	475
653	631
654	434
654	532
655	0
655	4
655	7
655	13
655	14
655	15
655	19
655	20
655	24
655	37
655	45
656	27
656	38
656	158
656	202
656	236
656	582
657	32
657	43
657	61
657	84
657	108
657	130
657	153
657	395
657	413
657	454
657	472
657	644
658	633
659	327
660	368
661	135
662	272
662	276
662	491
662	626
663	1
663	30
663	328
663	341
663	577
664	443
664	536
665	1
665	3
665	10
665	24
665	32
665	43
665	45
665	61
665	84
665	97
665	108
665	130
665	138
665	146
665	162
665	163
665	179
665	191
665	196
665	200
665	202
665	224
665	242
665	272
665	275
665	284
665	286
665	395
665	454
665	472
665	475
665	479
665	644
665	652
665	657
666	479
666	665
667	602
668	244
668	306
669	361
670	336
671	622
671	628
672	471
672	609
672	628
672	647
672	671
673	176
674	0
674	5
674	9
674	17
674	39
674	51
674	58
674	71
674	127
674	128
674	134
674	195
674	286
674	311
674	337
674	380
674	389
674	428
674	448
674	579
674	609
675	0
675	1
675	30
675	47
675	73
675	77
675	83
675	93
675	97
675	138
675	224
675	230
675	256
675	288
675	290
675	380
675	384
675	439
675	491
675	494
675	524
675	531
675	538
675	612
675	663
676	201
677	205
678	229
679	193
680	532
680	544
681	124
681	401
681	531
682	680
683	222
683	349
684	0
684	5
684	6
684	7
684	17
684	18
684	39
684	44
684	116
684	168
684	255
684	276
684	284
684	309
684	341
684	380
684	480
684	544
684	561
684	577
684	600
684	644
684	657
684	665
684	666
685	51
685	56
685	182
685	206
686	300
686	419
687	234
688	329
688	470
689	614
690	24
690	32
690	43
690	147
690	153
690	178
690	253
691	556
691	635
692	62
693	264
694	17
695	7
695	45
695	84
695	146
695	245
695	407
695	488
695	519
695	609
695	644
695	657
695	665
695	684
696	42
696	311
696	674
697	0
697	67
697	186
697	469
697	513
698	635
699	567
700	214
700	345
701	431
702	612
702	675
703	285
704	175
704	319
704	368
704	652
705	158
705	236
705	582
705	656
706	458
707	311
707	526
708	0
708	6
708	26
708	218
708	288
708	539
708	544
708	637
708	638
708	640
709	673
710	1
710	2
710	39
710	479
710	644
711	646
712	335
713	0
713	1
713	2
713	3
713	4
713	5
713	6
713	7
713	8
713	13
713	15
713	18
713	23
713	24
713	25
713	27
713	28
713	37
713	38
713	39
713	45
713	51
713	56
713	80
713	82
713	83
713	138
713	157
713	163
713	182
713	202
713	223
713	230
713	237
713	242
713	245
713	282
713	285
713	286
713	288
713	305
713	320
713	348
713	383
713	403
713	411
713	417
713	419
713	428
713	458
713	468
713	475
713	479
713	494
713	503
713	504
713	524
713	550
713	588
713	603
713	610
713	639
713	644
713	656
713	657
713	665
713	666
713	684
713	695
713	710
714	2
715	7
715	23
715	205
715	288
715	633
715	677
716	18
716	139
716	155
716	230
716	380
717	16
717	23
717	183
717	439
717	524
717	531
718	255
719	0
719	6
720	646
720	711
721	201
722	9
722	291
723	37
723	331
723	333
723	477
723	544
724	5
724	17
724	694
725	1
725	45
725	242
725	286
726	6
726	7
726	32
726	43
726	61
726	70
726	84
726	184
726	215
726	258
726	259
726	284
726	376
726	498
726	577
726	588
726	663
726	675
726	684
726	695
726	702
726	713
727	646
727	711
727	720
728	81
728	110
728	148
728	252
728	296
728	387
728	649
729	537
730	456
731	424
732	0
732	8
732	409
733	233
734	51
734	52
734	62
734	79
734	99
734	142
734	179
734	182
734	206
734	269
734	338
734	360
734	377
734	403
734	448
734	453
734	588
734	628
735	0
735	1
735	2
735	4
735	6
735	7
735	8
735	9
735	11
735	14
735	15
735	16
735	18
735	19
735	20
735	21
735	24
735	25
735	26
735	27
735	29
735	30
735	33
735	34
735	36
735	37
735	39
735	42
735	44
735	50
735	58
735	74
735	82
735	90
735	100
735	104
735	111
735	121
735	124
735	127
735	129
735	138
735	139
735	140
735	142
735	152
735	155
735	160
735	163
735	166
735	170
735	172
735	176
735	186
735	196
735	198
735	202
735	218
735	230
735	237
735	242
735	244
735	256
735	258
735	259
735	262
735	272
735	274
735	276
735	280
735	285
735	286
735	287
735	288
735	299
735	309
735	311
735	320
735	337
735	342
735	360
735	363
735	372
735	380
735	383
735	384
735	403
735	411
735	434
735	438
735	451
735	455
735	462
735	472
735	481
735	487
735	491
735	493
735	494
735	498
735	513
735	519
735	524
735	526
735	531
735	532
735	538
735	544
735	561
735	562
735	565
735	568
735	575
735	585
735	588
735	597
735	609
735	612
735	626
735	628
735	634
735	637
735	638
735	640
735	644
735	662
735	665
735	674
735	675
735	684
735	695
735	696
735	708
735	713
735	717
735	723
735	726
735	734
736	276
736	283
736	508
736	595
737	322
737	382
738	634
739	108
740	1
740	3
740	24
740	28
740	32
740	129
740	196
740	324
740	432
740	455
740	474
740	494
740	626
740	662
740	735
741	8
741	10
741	11
741	33
741	37
741	49
741	75
741	90
741	117
741	139
741	149
741	161
741	175
741	196
741	230
741	244
741	258
741	368
741	380
741	405
741	409
741	660
741	716
742	322
742	382
743	428
744	130
744	216
745	0
745	1
745	2
745	3
745	4
745	6
745	7
745	8
745	11
745	13
745	14
745	15
745	18
745	19
745	20
745	22
745	24
745	25
745	28
745	29
745	31
745	37
745	44
745	45
745	51
745	52
745	54
745	55
745	59
745	60
745	68
745	82
745	83
745	84
745	96
745	99
745	101
745	120
745	128
745	129
745	138
745	142
745	143
745	154
745	163
745	179
745	196
745	230
745	244
745	256
745	257
745	276
745	286
745	311
745	348
745	378
745	380
745	392
745	403
745	411
745	419
745	438
745	451
745	452
745	455
745	463
745	472
745	475
745	481
745	493
745	494
745	498
745	504
745	513
745	519
745	561
745	568
745	588
745	628
745	637
745	644
745	655
745	657
745	684
745	695
745	708
745	710
745	713
745	716
745	726
745	735
745	741
746	674
747	371
747	515
747	555
748	402
749	399
749	427
749	471
750	51
750	60
750	201
750	676
751	592
752	644
753	513
754	0
754	51
754	62
754	79
754	99
754	329
754	338
754	403
754	504
754	513
754	713
754	726
755	121
756	432
757	529
758	51
758	59
758	62
758	79
758	338
758	459
758	754
759	352
759	644
760	621
761	533
762	472
763	573
764	333
764	485
764	578
764	723
765	6
765	7
765	19
765	27
765	68
765	133
765	140
765	160
765	163
765	233
765	288
765	439
765	461
765	528
765	544
765	548
765	587
765	733
765	735
765	740
765	745
766	531
767	423
768	262
769	0
769	2
769	6
769	15
769	29
769	157
769	224
769	288
769	290
769	352
769	472
769	544
769	719
770	151
770	164
770	169
770	304
770	593
770	621
770	760
771	400
772	682
773	563
773	649
774	168
774	408
774	443
774	664
775	0
775	1
775	2
775	3
775	5
775	8
775	16
775	18
775	24
775	42
775	51
775	54
775	59
775	60
775	62
775	98
775	112
775	116
775	121
775	123
775	128
775	129
775	138
775	157
775	163
775	168
775	179
775	180
775	196
775	197
775	202
775	209
775	224
775	228
775	230
775	238
775	242
775	259
775	272
775	282
775	286
775	288
775	337
775	342
775	372
775	380
775	402
775	408
775	411
775	419
775	434
775	471
775	472
775	493
775	494
775	519
775	531
775	562
775	577
775	588
775	597
775	600
775	609
775	626
775	628
775	634
775	646
775	656
775	663
775	665
775	674
775	675
775	684
775	713
775	715
775	725
775	726
775	735
775	740
775	745
775	746
776	294
776	524
777	230
777	498
777	726
777	735
777	745
778	488
779	704
780	47
781	566
782	215
782	376
782	498
783	7
783	11
783	19
783	29
783	39
783	218
783	222
783	285
783	288
783	380
783	498
783	637
783	644
783	708
783	735
783	745
783	765
784	246
785	537
786	643
787	643
787	786
788	214
788	345
788	583
788	700
789	514
789	609
790	6
791	246
792	318
793	434
794	639
794	713
795	493
796	1
796	2
796	5
796	9
796	26
796	44
796	116
796	176
796	195
796	286
796	337
796	644
797	47
797	90
798	332
798	506
798	628
799	8
799	128
800	743
801	284
801	684
802	0
802	1
802	2
802	3
802	6
802	7
802	8
802	10
802	11
802	13
802	14
802	15
802	18
802	19
802	20
802	21
802	23
802	28
802	35
802	37
802	38
802	39
802	40
802	42
802	45
802	50
802	51
802	52
802	59
802	60
802	66
802	68
802	80
802	82
802	83
802	87
802	97
802	116
802	127
802	128
802	129
802	138
802	140
802	142
802	144
802	157
802	163
802	171
802	173
802	175
802	176
802	178
802	196
802	199
802	202
802	213
802	230
802	233
802	237
802	239
802	244
802	245
802	256
802	259
802	262
802	268
802	276
802	283
802	284
802	285
802	286
802	288
802	293
802	301
802	309
802	311
802	319
802	329
802	339
802	346
802	374
802	378
802	380
802	397
802	408
802	411
802	419
802	420
802	423
802	428
802	432
802	455
802	461
802	463
802	472
802	475
802	479
802	491
802	498
802	504
802	508
802	513
802	519
802	524
802	526
802	528
802	531
802	544
802	587
802	588
802	601
802	612
802	628
802	633
802	640
802	642
802	644
802	647
802	652
802	663
802	665
802	674
802	675
802	684
802	695
802	696
802	702
802	704
802	707
802	708
802	710
802	713
802	715
802	726
802	735
802	736
802	740
802	745
802	754
802	758
802	765
802	769
802	775
802	777
802	783
802	796
803	2
803	3
803	8
803	10
803	15
803	18
803	19
803	20
803	22
803	29
803	37
803	42
803	44
803	47
803	49
803	51
803	58
803	66
803	73
803	90
803	93
803	124
803	128
803	129
803	138
803	140
803	161
803	163
803	172
803	191
803	197
803	230
803	244
803	256
803	259
803	261
803	276
803	282
803	288
803	350
803	360
803	380
803	384
803	386
803	415
803	416
803	473
803	475
803	481
803	483
803	524
803	531
803	538
803	539
803	588
803	609
803	612
803	626
803	628
803	647
803	665
803	675
803	708
803	732
803	734
803	735
803	741
803	745
803	775
803	783
803	796
803	797
803	798
803	802
804	308
805	250
806	440
807	0
807	6
807	7
807	15
807	18
807	23
807	24
807	25
807	27
807	30
807	32
807	37
807	38
807	61
807	64
807	70
807	84
807	104
807	108
807	139
807	140
807	175
807	183
807	186
807	202
807	217
807	233
807	237
807	253
807	254
807	255
807	256
807	259
807	275
807	286
807	287
807	288
807	295
807	320
807	341
807	343
807	363
807	369
807	371
807	380
807	403
807	411
807	428
807	442
807	455
807	461
807	468
807	475
807	481
807	513
807	531
807	532
807	577
807	588
807	609
807	612
807	628
807	639
807	665
807	713
807	718
807	734
807	735
807	741
807	745
807	775
807	777
807	783
807	794
807	802
807	803
808	186
808	469
809	260
810	219
811	387
812	674
813	625
814	99
815	29
815	193
815	321
815	605
815	679
816	460
817	558
818	81
818	110
818	135
818	148
818	219
818	252
818	361
818	446
818	462
818	525
818	649
819	183
820	644
821	789
822	81
822	110
822	135
822	152
822	249
822	361
822	446
822	462
823	145
823	572
824	498
825	11
825	18
825	20
825	25
825	28
825	29
825	45
825	76
825	128
825	194
825	196
825	202
825	224
825	230
825	242
825	287
825	472
825	609
826	18
826	33
826	140
826	244
826	341
826	735
826	741
826	745
826	765
826	783
826	803
826	807
827	209
828	3
828	493
828	562
828	588
828	628
829	19
829	435
830	334
831	143
832	717
833	0
833	1
833	8
833	10
833	19
833	24
833	37
833	57
833	68
833	104
833	112
833	127
833	138
833	139
833	142
833	155
833	179
833	191
833	197
833	224
833	230
833	253
833	380
833	384
833	386
833	395
833	401
833	435
833	471
833	472
833	524
833	526
833	538
833	550
833	609
833	626
833	628
833	644
833	647
833	665
833	672
833	717
833	745
833	752
833	803
834	784
835	621
836	54
837	237
837	585
837	807
838	28
839	822
840	707
841	69
842	6
842	125
842	146
842	147
842	153
842	447
842	452
842	475
842	588
842	592
842	745
842	751
842	777
842	803
842	833
843	414
844	0
844	1
844	2
844	3
844	5
844	6
844	7
844	8
844	11
844	13
844	15
844	16
844	18
844	20
844	22
844	24
844	25
844	26
844	28
844	29
844	32
844	35
844	37
844	39
844	43
844	45
844	61
844	93
844	125
844	130
844	142
844	147
844	153
844	183
844	202
844	215
844	224
844	227
844	230
844	242
844	256
844	272
844	276
844	282
844	285
844	286
844	287
844	288
844	290
844	342
844	380
844	395
844	423
844	428
844	454
844	455
844	463
844	471
844	472
844	475
844	481
844	494
844	519
844	524
844	562
844	567
844	588
844	592
844	612
844	639
844	644
844	652
844	657
844	675
844	695
844	713
844	726
844	735
844	745
844	751
844	782
844	797
844	802
844	803
844	807
844	825
844	826
844	833
844	842
845	816
846	728
847	451
848	640
849	190
849	214
850	309
851	520
852	237
852	371
852	807
852	826
852	837
852	844
853	135
854	628
854	671
854	672
855	568
856	24
856	833
857	268
857	418
858	433
859	105
859	156
859	325
860	512
861	10
861	17
861	24
861	196
861	609
861	644
861	655
861	783
862	380
863	208
863	563
863	649
863	773
863	818
864	713
865	104
865	196
865	254
865	735
865	745
865	807
865	833
865	837
866	634
866	735
866	738
866	775
867	657
868	735
868	833
868	865
869	148
869	484
869	501
869	563
870	360
871	175
871	419
871	807
872	0
872	1
872	2
872	4
872	5
872	6
872	7
872	8
872	9
872	10
872	11
872	13
872	15
872	18
872	20
872	24
872	25
872	26
872	39
872	42
872	58
872	61
872	124
872	128
872	129
872	138
872	157
872	180
872	182
872	183
872	194
872	196
872	202
872	209
872	213
872	215
872	230
872	233
872	237
872	244
872	258
872	261
872	276
872	286
872	288
872	342
872	378
872	380
872	384
872	386
872	401
872	409
872	415
872	439
872	461
872	471
872	472
872	481
872	498
872	528
872	531
872	538
872	544
872	585
872	588
872	609
872	626
872	628
872	647
872	655
872	672
872	675
872	681
872	726
872	732
872	733
872	734
872	735
872	745
872	775
872	777
872	797
872	802
872	803
872	807
872	825
872	828
872	833
872	844
872	856
872	861
872	865
872	868
873	341
874	51
874	56
875	145
875	572
875	625
875	823
876	644
877	753
878	718
878	807
879	2
879	5
879	9
879	10
879	11
879	12
879	17
879	25
879	29
879	68
879	93
879	104
879	106
879	116
879	157
879	163
879	166
879	176
879	186
879	202
879	272
879	282
879	286
879	328
879	380
879	384
879	405
879	434
879	439
879	455
879	480
879	493
879	494
879	513
879	524
879	550
879	609
879	626
879	628
879	634
879	644
879	665
879	684
879	735
879	738
879	775
879	796
879	802
879	803
879	807
879	825
879	844
879	866
879	872
880	404
881	56
881	66
881	99
881	172
881	230
881	360
881	416
881	432
881	471
881	483
881	513
881	626
881	713
881	735
881	740
881	745
881	754
881	803
881	833
881	856
881	864
881	872
882	325
882	859
883	48
883	86
883	616
884	15
884	641
885	0
885	6
885	7
885	10
885	27
885	29
885	38
885	112
885	116
885	127
885	140
885	305
885	471
885	472
885	491
885	519
885	544
885	603
885	626
885	713
885	802
885	825
885	879
885	881
886	578
887	434
887	532
887	654
888	233
888	461
889	473
890	695
891	642
892	702
893	815
894	8
894	18
894	128
894	142
894	230
894	320
894	380
894	675
894	799
895	892
896	73
896	94
896	126
896	207
896	212
896	250
896	261
896	386
896	538
896	675
897	2
897	12
897	15
897	25
897	73
897	124
897	138
897	320
897	513
897	531
897	544
897	713
897	735
897	745
897	753
898	123
898	640
899	728
900	0
900	10
900	11
900	28
900	138
900	230
900	239
900	322
900	742
900	897
901	256
902	1
902	25
902	26
902	128
902	134
902	218
902	237
902	259
902	363
902	544
902	585
902	637
903	409
904	226
904	410
905	148
906	623
907	398
908	892
909	82
909	362
909	598
910	79
911	114
912	75
913	54
914	0
914	1
914	5
914	6
914	7
914	9
914	45
914	166
914	215
914	277
914	713
914	745
914	775
914	844
915	475
916	444
916	519
917	108
917	130
917	395
918	203
919	178
920	82
920	598
921	680
922	597
923	688
924	783
924	861
925	5
925	12
925	61
925	74
925	111
925	202
925	309
925	472
925	644
925	657
925	684
925	736
925	802
925	825
925	872
925	885
926	350
926	803
927	813
928	477
928	530
929	0
929	8
930	35
930	237
930	244
930	472
930	519
930	544
930	638
930	647
930	655
930	735
930	745
930	765
930	802
930	803
930	807
930	826
930	833
930	837
930	844
930	852
930	865
930	866
930	868
930	872
930	879
930	885
930	897
930	925
931	188
931	492
931	522
932	781
933	309
934	327
934	365
934	390
934	659
935	0
935	6
935	23
935	24
935	118
935	122
935	140
935	196
935	200
935	258
935	259
935	380
935	384
935	460
935	471
935	482
935	862
935	872
935	879
936	0
936	13
936	28
936	40
936	46
936	211
936	380
937	472
937	657
937	867
938	646
938	711
938	720
938	727
939	755
940	277
941	0
941	1
941	493
942	683
943	738
944	0
944	1
944	2
944	4
944	6
944	7
944	8
944	9
944	10
944	13
944	29
944	37
944	38
944	54
944	66
944	67
944	121
944	124
944	128
944	129
944	143
944	144
944	146
944	196
944	200
944	213
944	230
944	244
944	256
944	258
944	259
944	262
944	286
944	287
944	293
944	383
944	403
944	438
944	447
944	452
944	455
944	481
944	483
944	513
944	519
944	524
944	531
944	550
944	562
944	567
944	588
944	592
944	609
944	628
944	634
944	638
944	640
944	674
944	699
944	713
944	725
944	734
944	735
944	738
944	745
944	751
944	766
944	775
944	789
944	798
944	802
944	803
944	807
944	821
944	826
944	828
944	833
944	842
944	844
944	848
944	852
944	866
944	872
944	878
944	879
944	881
944	898
944	914
944	930
944	943
945	190
946	537
946	785
947	5
947	8
947	10
947	17
947	37
947	49
947	51
947	52
947	54
947	60
947	79
947	93
947	97
947	101
947	127
947	179
947	195
947	206
947	242
947	258
947	276
947	279
947	332
947	341
947	377
947	380
947	389
947	416
947	419
947	441
947	448
947	453
947	472
947	483
947	494
947	506
947	588
947	609
947	619
947	628
947	644
947	657
947	665
947	674
947	684
947	713
947	726
947	734
947	798
947	802
947	803
947	925
947	944
948	834
949	934
950	170
951	419
952	0
952	1
952	2
952	3
952	4
952	5
952	6
952	7
952	8
952	9
952	10
952	11
952	16
952	17
952	20
952	25
952	26
952	28
952	29
952	37
952	39
952	46
952	49
952	51
952	66
952	80
952	83
952	88
952	99
952	128
952	129
952	138
952	183
952	202
952	213
952	224
952	245
952	285
952	286
952	293
952	294
952	380
952	383
952	439
952	494
952	524
952	544
952	561
952	588
952	609
952	648
952	703
952	713
952	735
952	741
952	745
952	750
952	769
952	844
952	944
953	43
954	150
954	370
955	149
956	675
956	803
956	842
957	2
957	286
957	517
957	609
957	613
957	674
957	695
957	735
957	803
957	868
957	881
957	885
957	944
957	952
958	0
958	1
958	2
958	3
958	6
958	7
958	8
958	10
958	15
958	19
958	23
958	24
958	25
958	26
958	27
958	28
958	30
958	32
958	33
958	38
958	45
958	68
958	83
958	103
958	127
958	129
958	138
958	140
958	166
958	175
958	196
958	202
958	215
958	230
958	256
958	258
958	288
958	305
958	328
958	341
958	371
958	380
958	395
958	403
958	405
958	419
958	442
958	445
958	472
958	494
958	498
958	603
958	626
958	644
958	657
958	665
958	710
958	713
958	726
958	735
958	741
958	745
958	752
958	754
958	765
958	769
958	775
958	794
958	802
958	803
958	807
958	833
958	842
958	844
958	865
958	868
958	871
958	872
958	879
958	885
958	897
958	914
958	925
958	926
958	929
958	930
958	935
958	944
958	947
958	952
958	957
959	466
960	124
961	484
961	501
961	563
961	649
961	773
962	29
962	90
963	385
963	623
963	906
964	46
964	499
965	299
966	784
967	0
967	1
967	2
967	4
967	10
967	13
967	22
967	25
967	83
967	90
967	183
967	202
967	261
967	286
967	380
967	399
967	416
967	427
967	440
967	471
967	538
967	550
967	562
967	585
967	612
967	644
967	647
967	672
967	675
967	702
967	749
967	803
967	806
967	826
967	844
967	872
967	892
967	896
968	0
968	8
968	25
968	894
968	929
969	21
969	40
969	102
970	0
970	1
970	3
970	4
970	6
970	7
970	8
970	10
970	15
970	16
970	17
970	18
970	19
970	20
970	24
970	25
970	26
970	27
970	28
970	29
970	38
970	43
970	44
970	45
970	51
970	55
970	56
970	59
970	60
970	62
970	79
970	83
970	84
970	99
970	106
970	120
970	125
970	128
970	138
970	140
970	166
970	178
970	179
970	180
970	183
970	189
970	191
970	213
970	215
970	224
970	230
970	233
970	237
970	245
970	253
970	258
970	265
970	279
970	288
970	300
970	301
970	320
970	332
970	338
970	344
970	368
970	369
970	380
970	388
970	392
970	399
970	403
970	411
970	416
970	419
970	434
970	437
970	439
970	461
970	471
970	474
970	488
970	504
970	544
970	561
970	562
970	567
970	587
970	609
970	622
970	628
970	644
970	652
970	671
970	672
970	674
970	675
970	686
970	695
970	726
970	734
970	735
970	745
970	754
970	758
970	765
970	775
970	778
970	783
970	798
970	802
970	803
970	807
970	826
970	828
970	833
970	844
970	854
970	861
970	872
970	879
970	881
970	885
970	890
970	924
970	930
970	935
970	944
970	947
970	952
970	957
970	958
971	207
971	250
971	391
972	148
972	728
972	846
972	899
973	866
973	944
974	13
974	186
974	494
974	513
974	597
974	675
974	697
974	808
974	879
974	970
975	28
975	38
975	282
975	434
975	455
975	532
975	550
975	561
975	654
975	713
975	745
975	754
975	807
975	887
975	970
976	398
977	168
977	408
978	0
978	1
978	3
978	186
978	338
978	588
978	828
979	866
979	973
980	761
981	178
982	1
982	6
982	47
982	124
982	128
982	180
982	194
982	320
982	493
982	585
982	745
982	872
982	881
983	98
984	23
984	205
984	247
984	533
985	598
985	909
986	499
986	964
987	380
987	775
987	862
988	86
988	557
988	616
989	646
990	778
991	70
991	92
991	98
991	167
991	217
991	295
991	328
991	341
991	442
992	0
992	1
992	2
992	10
992	20
992	27
992	36
992	104
992	129
992	196
992	242
992	254
992	262
992	286
992	324
992	341
992	380
992	403
992	419
992	423
992	471
992	481
992	524
992	550
992	561
992	640
992	745
992	768
992	807
992	844
992	865
992	872
992	873
992	879
992	885
992	894
992	925
992	944
992	957
992	958
992	967
992	968
992	970
992	975
993	216
994	341
994	480
994	991
995	0
995	1
995	2
995	4
995	7
995	8
995	10
995	11
995	12
995	15
995	19
995	20
995	24
995	27
995	28
995	45
995	51
995	52
995	54
995	55
995	58
995	59
995	60
995	62
995	66
995	79
995	80
995	83
995	96
995	99
995	101
995	104
995	128
995	129
995	138
995	163
995	179
995	222
995	230
995	238
995	244
995	254
995	256
995	259
995	261
995	262
995	276
995	282
995	286
995	309
995	311
995	337
995	338
995	376
995	380
995	403
995	409
995	411
995	416
995	434
995	444
995	453
995	455
995	463
995	472
995	498
995	504
995	519
995	544
995	550
995	561
995	568
995	609
995	612
995	626
995	628
995	634
995	640
995	702
995	713
995	726
995	732
995	735
995	745
995	782
995	802
995	803
995	872
995	879
995	885
995	916
995	947
995	958
995	967
995	970
995	975
995	978
995	992
996	426
997	857
998	299
999	7
999	8
999	36
999	37
999	47
999	64
999	104
999	116
999	121
999	184
999	230
999	244
999	302
999	455
999	726
999	735
999	803
999	807
999	825
999	844
999	865
999	879
999	885
999	947
999	958
999	970
999	992
999	995
