107 4668410.729595137
1684 3355215.228398785
3437 3338262.956462784
567 3122566.6181499725
1912 2800002.140333137
428 1050662.47888687
563 1033000.0696383871
698 997773.0621951771
136 767120.8987384676
58 695225.0539363077
414 621938.6002970765
348 584396.7993393886
1718 575173.963870107
171 562652.7629653199
119 556357.5090544382
1577 493949.08961473324
23 395423.67342102336
483 386872.2251953633
31 349647.82938964857
686 346293.7612413143
484 235864.96599884782
594 233406.192740765
376 219509.26389425568
4031 191184.75000000614
651 175758.46429285183
353 170312.73809744394
566 169241.40518980465
237 133333.3333333215
51 133333.3333333215
83 133333.3333333215
21 124134.46805175017
339 119946.89826826361
227 117023.56149961152
304 100543.1585846817
67 97712.50075532655
4023 96519.94455544143
122 95374.23086710587
116 90372.4951052193
173 82263.55906579738
2543 82167.54695399477
19 73708.09843489842
1666 73328.15070232152
713 71060.35054473544
144 69872.04548197126
56 69438.92630544548
84 69043.855925564
1534 66751.19323151806
828 65363.90747155697
322 56457.802500033584
163 52960.58652648605
719 50664.40431808347
152 44576.0
308 44314.023759681346
7 41585.22716442017
61 38220.0
329 38142.85324819517
526 36915.224040841036
4014 36042.61991341922
277 34565.7868147448
747 34207.56766787483
249 34203.76118821056
213 33775.14271106364
193 31860.0
99 31470.49206349206
41 30880.368908540248
3861 29406.6666666662
703 29091.13641156541
2347 28631.146225334942
4038 28251.34090909154
324 27959.769339625374
697 27065.138715049143
82 26370.470809691233
823 26261.229755779277
252 24981.252448343777
637 24445.980044458134
4002 24158.533333332547
3989 23526.16666666729
1361 23230.457030531397
269 23203.3493800031
596 21570.142476185512
1663 21268.160712568966
312 21218.113589025492
202 20843.809569815592
1 20803.88420950731
517 20640.278347960204
313 20594.499576901726
1642 20468.997423398247
1536 20067.897719206852
389 20057.547380831656
1352 19896.02153627236
3454 19868.454761905352
109 18875.078736636442
606 18741.879979168625
1173 18546.54953970225
1656 18312.0198403824
2468 17647.6425587958
1126 17537.956358005318
1086 17133.587216438274
2007 16940.9359930205
3998 16747.08318348342
363 16643.034176556117
169 16497.783745144494
1621 16496.07985480323
53 16016.706199341752
319 15929.0
89 15929.0
181 15925.0
4 15925.0
774 15380.894939277794
3982 15281.40970695948
1941 14656.216124571944
2189 14181.507395964873
366 14091.483486785168
1376 13832.490962935513
88 13722.586080801479
412 13643.346242013778
48 13235.799264498091
239 13064.537209188979
916 12868.810621533754
4027 12760.316666666668
4017 12759.833333333336
538 12731.263681364337
1758 12473.711400326787
819 12444.277451334356
1549 12265.106872409746
332 12257.722784841237
1029 12207.98736361952
146 12086.56524618302
1726 12068.379325308104
199 11976.605546979403
1419 11869.237665685318
2047 11642.854135795735
1522 11575.231310731075
2133 11090.958544367202
803 11003.205893735096
373 10699.833727331992
419 10519.853695976968
1171 10303.49096339183
1688 9860.595087932212
2289 9545.2668339683
4004 9509.9358974359
1334 9455.758596523963
271 9354.256178508997
553 9353.421252224605
1813 9345.456454336825
1238 9107.410437103887
26 9097.42958764626
1509 9059.646613523526
1604 9015.658075249547
2268 9002.405438216432
1598 8980.663944496102
203 8890.326625538371
143 8505.499999999629
1289 8426.844171131046
497 8145.650330699854
1617 8137.2604880800845
3 8027.394035385709
243 7878.39140010272
137 7825.405378282916
1338 7757.950017787341
9 7616.968244164958
609 7480.202186194032
1954 7405.3693077061125
2117 7209.15511536043
917 7191.934865266578
1687 7161.560317551193
391 7038.012997136815
513 6766.713267359034
3173 6761.261090670686
798 6710.353711023825
214 6657.471773324638
921 6594.239061877963
2199 6572.612003276238
772 6529.561244531662
2038 6510.6971772975085
133 6423.439689273015
29 6416.805076421641
132 6416.207463528618
111 6401.08816183816
3986 6386.866666666669
3996 6381.866666666666
3999 6380.000000000001
124 6380.0
219 6380.0
301 6380.0
81 6380.0
2143 6239.562650602826
1128 6200.055879541735
559 6137.5482145553915
3487 6045.499999999942
118 6039.97388857035
1074 5963.458466828778
343 5957.197058496811
708 5857.1372893007265
242 5850.3972262389225
323 5707.589564234401
953 5705.024597135875
561 5693.005505816174
857 5666.154070112438
641 5664.0826358157055
2283 5643.428927913099
188 5542.549480046906
1926 5521.103622344118
17 5447.691709596879
326 5422.097797952981
1783 5394.98391303038
248 4924.220432548708
261 4889.773998773042
804 4828.5143448275
374 4806.523693578593
1523 4781.866932054707
1369 4762.044085987355
2081 4716.836240994078
231 4711.003165081179
1217 4628.858574155153
2512 4605.822853210168
2642 4596.95989791864
284 4583.532846397993
3101 4523.291920248219
862 4521.776107334641
217 4514.291664629706
1312 4512.8445601749545
542 4512.839024106772
422 4490.289554671278
156 4475.651644840936
492 4440.756753471016
856 4423.053013405006
1136 4395.006707079211
3723 4316.666666666597
259 4249.999999999631
8 4249.999999999631
91 4249.999999999631
604 4243.783981197214
1028 4237.082992699852
2384 4235.205891385917
1109 4221.110181921807
1277 4184.25826159261
896 4176.125727019075
2111 4161.919252943707
531 4158.6874458235925
601 3965.010278898121
503 3922.328490827146
1909 3910.66953247267
2328 3895.3108592657254
3263 3856.239132429094
2176 3850.2195323401324
1226 3836.5514101795234
456 3830.2758508402962
98 3740.2324327207293
1104 3708.6660281362115
2054 3695.982827415515
1327 3663.115839549057
423 3634.9536160081507
103 3622.051406740041
1782 3584.7401645945083
1702 3498.7542467445337
1863 3483.612510297684
649 3457.0071090008187
1574 3455.144988668505
1204 3407.7469856567704
204 3390.873064553664
1182 3374.1724849824177
184 3357.5368007546467
178 3269.4186651566865
402 3268.370990874947
1911 3245.446804696371
121 3241.0038578486774
331 3217.540982016982
504 3200.861865890719
3993 3163.8333333333335
1584 3152.9230958704097
461 3148.661500598675
1192 3144.867752061108
197 3127.2394341916533
2498 3043.67388615313
2128 3041.277332539438
2419 3028.452940589545
1618 3028.1638978154797
281 2982.189364744871
2072 2956.8021848546337
1237 2952.9425408475295
251 2947.9907028941734
1611 2936.349995695116
431 2927.370115843913
1358 2903.8827369819487
113 2862.73442873289
2336 2841.3035992052287
1709 2822.5349942833946
1513 2821.7045240647963
387 2810.0958562608193
2292 2803.636961986726
1899 2803.2616109249566
968 2800.0779455659185
342 2793.7359990306213
39 2766.6605853008223
2247 2764.604243583654
2472 2715.191990348421
1473 2705.5806280486845
1197 2701.4396351929013
524 2687.31217529786
38 2677.177957819823
2031 2673.3749847943513
2174 2661.963934749018
3961 2589.5
1694 2574.0413488828963
2333 2571.296052341217
2302 2550.3868955044127
591 2548.502248558531
2869 2538.150019967472
1626 2525.626449237045
2511 2512.6640441251825
2032 2504.85250534779
436 2455.3792148443076
1408 2425.729455757691
1846 2403.3391306315975
291 2371.043861285823
2598 2296.343172523582
463 2245.102005011587
2068 2241.498786219961
2132 2227.147741419811
1077 2183.8525508204916
2509 2182.725369211287
951 2164.4839189738213
2327 2152.182498069392
2417 2138.4101620187503
2398 2131.494729017702
177 2130.166666666496
278 2126.6666666664933
1148 2117.1644711500626
2451 2074.7426253096523
438 2055.7006837325252
1158 2054.857891001397
2071 2051.3983086108556
1114 2043.2977664653097
2491 2026.635275912527
2102 2013.5334645575767
2026 2011.1943943830709
2282 1998.7820545084562
198 1988.1124611557148
3997 1976.8156510157
962 1961.4997068436676
439 1951.697128874884
1487 1941.6079224275184
546 1941.3537725262934
1786 1928.2329280955817
1014 1896.0224439652236
1458 1876.8704403774473
2617 1854.5679539211014
417 1844.528886414672
236 1840.165633004075
87 1798.022403224335
2087 1798.00016840342
272 1794.0798618370213
3111 1792.4684795994326
2471 1784.8868765617335
2629 1776.8520411711422
337 1731.0256201313325
93 1726.6922867980006
3258 1722.0273128223146
506 1718.956957198295
397 1715.954262350437
452 1709.3302244798615
378 1686.3429024049615
127 1671.195695709791
1881 1667.8157029196461
432 1664.4403778204298
172 1659.0141799190546
1794 1658.805490916615
2344 1651.092008356911
1888 1648.4653064454988
1284 1646.1589498490926
683 1628.690966112559
1357 1622.4254670246714
1343 1619.2224342121588
1692 1619.0613406804982
2127 1586.7116325870848
2153 1579.201630774219
2223 1576.3319677641496
299 1539.412867028627
1373 1537.9661109252359
1428 1522.1057718908492
2062 1490.0078302968823
1529 1486.5692434095959
2461 1475.6080876072162
13 1472.133128151081
2233 1467.932781548756
1431 1467.148707862862
1947 1464.4127570776213
388 1463.9317150730444
2594 1446.360060066048
1852 1445.69965211899
549 1444.1911441991324
1011 1433.3704787796755
2203 1423.8373300518654
2138 1421.77732286877
2319 1416.2297073379762
2368 1411.0341177904581
226 1404.3088245086667
149 1403.1025252523675
2313 1387.1502152510318
1808 1383.87897069691
427 1383.5017480499228
2294 1369.8699208837568
544 1366.2109011183263
2394 1363.8345203439721
434 1358.9719205231954
2116 1347.3092119958949
54 1342.7458802420163
913 1338.55580395745
1768 1333.4415894456179
346 1327.3979184358402
2187 1287.5766962242114
1769 1281.1912080435648
2266 1269.965033796065
196 1266.1577792570888
1893 1235.9652529865057
1374 1224.5735120117836
3248 1217.4605339105344
2389 1206.7738938346602
2042 1201.5817827245592
416 1194.3109729151638
2951 1192.7118387128357
2529 1192.270456088053
1964 1183.0927489771477
1273 1182.0255551195519
1897 1175.2864681684691
1661 1168.8441327377511
128 1156.4906971359483
507 1147.6332243463826
2142 1144.1942393226504
2399 1140.9703259043117
57 1138.5528049388324
3994 1138.4594239094442
2458 1138.0019268500998
1972 1120.0253252514992
404 1119.2134248156963
2279 1098.3632342018518
1001 1093.573443817909
2649 1081.9098755782252
1032 1081.7148819799968
392 1067.6429327276037
4009 1064.9594239094445
514 1057.4036725592423
3981 1056.217482517503
2264 1050.9722572259845
472 1050.859102009103
1939 1042.133063266932
556 1041.244834541403
527 1037.3725323721483
2508 1026.1219645837498
318 1020.5878833721569
1827 1020.5278483483341
1729 1020.4911485972153
2183 1019.1999161986856
2547 1011.8426549329024
1844 1009.8477794235615
1349 1009.506181087851
3291 1001.3410689389282
1973 999.2664133615779
1761 997.2094557255162
1682 990.6836204970358
1472 975.7629703126864
2863 974.7278113798121
1169 972.3342422431496
1836 961.2567197680119
2364 960.6911249372272
1377 953.9983521215421
1871 952.4865786770503
2003 946.6446640469263
1196 942.4368375982897
634 940.2371309335437
2616 923.817820175934
1199 915.2130545418087
1392 894.2812411600131
3154 894.0427979257321
2533 881.735664448874
408 876.3297179479099
246 873.2845621002364
369 870.4236795820954
2224 865.7179409839841
3397 858.823427486417
1166 857.2953858628238
1959 855.7498684724719
1742 854.0458693675082
2284 846.7749976559085
302 844.450240118789
92 838.7931665851899
194 831.9232328396603
1543 820.5238343289496
2171 816.2716235111612
508 813.4999703245022
1446 812.6928757039173
1951 810.2757007709325
1916 802.5841648526562
457 797.767035550979
2267 796.4529131519167
516 784.4347584907962
2101 783.695112547814
1828 781.7409550822013
554 780.7598926938363
1744 775.6480933072188
444 769.7647451790626
537 761.3243140101544
1591 760.4847891520719
1948 758.6299624689983
1471 753.0207232937107
1179 744.1146587596071
1427 743.4591720405167
469 742.4985899048872
159 740.2852468094156
1012 732.21918313209
1746 732.1678165556865
2254 730.038119231716
2459 723.4521474713049
3604 722.4971917027949
3186 722.2893004054765
1399 719.0215384487931
224 717.3056757024337
2608 713.2896166720748
2039 712.4234797655316
166 708.0294606578415
3214 706.883631310684
1282 704.6354272323046
162 699.5818181817392
2 699.5818181817392
1066 698.3790358730549
2463 693.5047469558585
2643 693.1382967994099
1122 690.4522425744835
1429 689.9482635496718
142 684.1466773631622
1706 676.8103679556659
1146 676.4259410498589
2839 670.6808224474347
1261 670.3620699220568
1559 669.8953057587281
1817 667.0728476448962
1894 665.9930183955988
1589 663.245556063191
2246 659.3828519874346
2597 658.6314119741222
1078 656.1891936305317
2589 655.2724165386347
2149 647.2190126456705
1313 645.8343617727172
646 643.297075755569
471 640.3983106928124
451 639.4484662634925
2144 639.0813544139405
2754 637.0571730217849
3256 636.679490770667
2018 630.0667973741615
2716 629.6498509581771
211 629.0919022448516
2526 628.9073232994548
2592 627.8363659444972
479 624.7921163833629
3302 624.0119646003562
1512 622.6462499041733
2343 621.8721610052258
1367 621.4806699821464
2538 619.3818000623277
1223 616.4456600337251
3198 613.9000145653043
357 611.7891244053955
946 609.7417999352206
3002 607.2320984242655
161 604.9033650706939
2324 601.5065480126099
2001 601.2514304593801
2742 601.1709350193272
3596 592.3822855590487
3289 591.1669053169052
2024 590.2219872325245
1049 588.39132307707
1804 581.1914808718636
1697 579.9594985930811
3363 579.7251140800776
473 577.1388644980703
3051 576.6749549705319
2137 575.0926750006246
334 574.1973158232951
954 573.6592980404913
942 572.8573361545042
1998 571.613705680951
148 567.0511969948193
2278 564.8849099155626
1976 563.0373043885801
3082 558.9371271788509
1013 557.1976595915904
2738 557.1944862652045
512 555.371125169322
993 553.2998915142443
1613 553.1952026474358
3201 549.0334274720761
1303 542.9330326919853
3426 541.0542731614165
2004 541.0295278987693
2241 536.9132789345424
2611 536.6481069155723
2764 536.1621422694951
1833 534.0493677066437
1824 531.964975913591
2946 531.3197302761199
1124 529.3497899336037
297 528.9076701940395
2724 526.3002344061168
158 525.7763296316718
3938 525.4729988447311
2229 524.0273304186198
1193 523.7444050923418
3076 522.8578589713964
1991 521.6012120365335
482 520.8315581250512
1211 518.5819837469081
1612 518.1378299788968
108 515.1285927475964
2447 507.8915612207568
2778 506.1821193191659
3116 505.113387733085
1222 504.0756275434306
1732 501.03344549432285
523 500.9373525291514
3027 495.12756840227854
2904 493.8419691872269
1557 493.50603679751083
2693 490.4211158122926
558 489.9727660656373
2979 489.39718247083965
3521 488.7495393495394
3038 486.8565323511181
1391 486.46948513018174
1932 485.25989078656295
1622 484.86734835192743
2647 484.82990863691737
1469 480.23226097717634
2052 478.47790485851067
496 477.9068333787197
2901 477.59810450306173
3342 477.4050102118933
3136 476.06007466952695
1778 474.8317057532371
1791 473.776941316041
2502 472.1205754513646
518 471.06867290729355
2378 469.95429570030706
2707 464.9008148714029
3117 464.82325456925577
2653 461.4868773628508
2436 456.8558250520937
2194 456.44667845120415
2944 453.7346729578748
1882 453.0956262833297
2009 452.9223123286337
1329 450.8361568669309
317 450.2387016332855
3077 446.3564664236019
1714 446.28523746339795
933 443.9687776994482
2053 442.7093273748829
3019 441.8701817360485
3152 435.37168679676745
1683 433.57662509324115
1447 432.83158289173946
3327 428.5101989513754
3434 428.46999879446264
1017 426.72942050679103
2588 426.54026893936526
3097 425.6728362476149
3034 425.50698692569483
1214 420.1798883909655
2027 418.1163777444357
1366 417.6613427679991
1322 416.3978533302049
3684 415.29879440305126
1707 414.5068308337401
3179 413.893927924851
2494 413.76772187929123
1551 412.11015391056753
1052 410.74218548886745
1861 409.12743685646916
776 408.5064935064933
678 404.36516782433506
2748 402.0689613991267
3274 400.84490763759436
1554 400.556625443524
1767 399.273155553861
2719 399.02920555743606
3324 396.9463230740689
1839 396.87207980235166
1492 395.14648401157433
2169 394.63264812593377
1703 394.28921673441795
2542 393.4262914675199
1221 391.24293033319947
1467 390.616763509739
2583 387.8530260178548
2037 385.3599882845977
1983 382.7719477395434
367 381.58498017172667
1409 378.39574477731264
1831 377.08729603729586
2002 374.3008273790603
3026 373.3664390090197
1059 372.27277194319515
421 370.97462951785604
1573 368.7201593380117
2624 368.7171590875802
534 364.42757136952133
2636 364.00082188072804
407 363.68295682487843
511 362.9951568682478
186 361.5352894014298
1184 359.66196246127635
3072 359.64592451236416
3353 359.60234533031564
1459 355.72574690893384
493 351.48987418399764
3406 346.91653173932326
2883 344.6958152958153
1006 342.0771369239142
2793 341.9754342157972
541 341.9655938275346
2377 340.86496670023433
3396 339.5333377061899
639 339.3450032102735
106 338.6978628546512
3366 338.6964447782983
2786 338.3255625451075
1677 336.28518380098154
1454 334.00717084273555
3017 331.85696789058443
1864 330.81337504085883
2332 330.5575892994331
2148 327.3395905722701
669 326.79703467081697
3107 325.1767694725569
2659 322.45475353060397
2781 318.0196687369369
3756 317.7406052952796
1018 317.3985839013843
2813 316.0627739477585
1876 315.94004684743663
2134 315.88004292974983
2084 314.9699385135689
1102 311.1553182463309
2966 310.13383807190235
2501 309.33492607011783
459 309.0428345784469
3104 308.1143566282202
1799 307.92013867226484
276 306.8994985423444
3584 306.59473437352693
2694 306.0695157757661
34 304.62287698027274
1674 303.3426317043743
1331 299.0987441723476
1867 299.04770343252255
978 298.97841703025364
1332 297.58413584875706
2478 297.49367454382286
557 296.996970021475
3253 296.3286909129587
3087 295.6438356964673
1488 295.4218117388972
1256 294.8898415222117
1583 294.78677156270203
2372 294.7749582044159
1966 293.9113000722006
3232 293.1423526172359
1736 291.6069742670015
2877 291.1699228386322
2571 290.5883966591074
3633 290.4411526581334
3321 289.849751895692
2683 286.0100504539713
3677 284.71409435352086
2413 284.20776462049884
1189 283.7358626061362
3299 283.32589085580645
2992 281.8995770101061
3793 281.83039222272964
1717 281.759349026209
3411 280.78304392540525
2567 280.49632306073624
2968 280.465079365079
464 280.289429111207
1387 279.2180848463966
1191 278.6897932054177
3162 278.0274571833395
1569 277.62956785216846
1099 277.4050788570163
433 277.116451523792
2126 271.4457559983876
2661 270.30577292253474
1993 269.5153749811189
1371 269.19467762578216
1396 269.17855226566627
1107 268.1825436266757
2894 265.9759443714671
729 265.9323153576273
2787 264.62383893019063
2758 264.3867215143531
3918 261.9
2351 258.84146366220085
1699 257.8580510099997
2602 257.51213558285843
3084 256.15626082616075
338 256.1406106498636
1309 255.8060297260292
1757 254.75830795322375
967 254.0465266743298
947 253.01240788728273
3838 252.17494474050204
1076 251.40437270938958
2151 250.49885227207758
1159 249.34613884281072
2131 249.27913890633548
3948 247.94865104210226
1003 247.91546372246444
1041 247.2909001159327
2309 246.63349644914922
2729 246.17669914838743
1886 245.8849224247771
1673 244.99388027167524
3011 243.46828305853077
984 241.24762370214205
3877 240.51453293569327
1671 240.47357929835294
344 239.9295061385744
3233 239.62157984774083
2157 237.85610123075472
1416 236.6584530277981
3456 236.21004831082237
1502 236.00401304222683
1807 234.322573673765
3361 233.30841372324744
2679 233.17804669501402
2958 231.9334791799189
1101 231.410835814369
3593 231.32855712971815
2881 229.77615326973802
2196 229.77181759551246
1117 229.43997034875346
824 228.72584918997063
3113 228.4291202963631
2069 228.39614263066136
1132 228.35958502624842
2782 228.02903169608737
1812 227.76986314025012
2604 227.6830592463008
2232 227.02290629945776
3089 226.99776506195144
1662 225.1354377922085
1397 223.65173885352615
2772 222.66596511503627
2428 221.2523101437138
1628 220.99507901008576
126 220.8266751297551
3758 219.4200120799966
543 219.07385999422672
2376 216.62521956290777
1456 216.62049974141712
2582 216.35877531353637
2093 215.89267658417094
1516 215.8195255114333
1751 214.3235157202802
2956 213.9762157215771
3506 213.41470779822177
1823 213.16766508554815
2298 211.78526018295702
2913 211.72141997548917
1449 211.26077876340344
1437 210.3951568817427
1172 209.22979660570044
2239 207.90036712112163
394 207.72526260332853
2218 207.31498327581693
3417 207.2046750086882
1514 206.73832790345807
982 206.45155023327527
1793 206.36024262538447
2322 206.18750857890163
2544 205.226108682396
897 204.87122764638494
2334 203.1454234546148
3049 203.08744623566787
1563 202.8990434489275
1638 202.31011463825965
77 201.6540131336572
1879 201.35100083944573
3347 201.10837078631064
1406 199.30902286242394
1519 199.29366704939332
2056 199.09507187581278
3351 198.1246586422274
2507 196.83889936419794
1913 196.82504335531746
3331 195.95894660894663
3906 195.92610669344418
3387 195.49530324526683
3172 195.29909755791937
72 193.80961631609478
1637 193.58050891148807
1024 192.31107376601253
2516 191.93638240398022
2669 191.75937630802963
3442 191.733571983572
1283 191.5155953094034
2078 190.5818653728161
1269 189.9578182460806
1243 188.30240990668898
3277 188.248485706109
1048 187.01174227189705
2429 186.45054681527884
3178 185.88658008658012
2986 185.51023336819878
3611 185.33908265497982
3054 184.1261154398401
2841 183.93181818181816
2928 183.2908117532141
1603 183.01669126401845
1227 182.81526406475498
1436 182.43863257948627
1582 182.33846031575766
2833 182.20517606992271
1324 181.17910993577235
904 181.09356345004466
2211 180.93119412561452
1616 180.86433327093923
3344 179.8409752275723
3078 179.6044814132198
2668 179.06880341880344
1153 178.84150396862557
1816 178.81713474930066
1609 178.17001365040224
2337 177.10855738241807
3672 176.99439658769313
2206 176.73453399102246
2999 176.5890331890332
1294 175.93061380090373
1553 175.76130727310783
1339 175.30224132546635
1067 175.06835557253083
1491 174.9104677735024
688 174.74943323197363
2921 173.66107247403883
3369 173.6418636918637
481 173.62956069957576
1902 173.5474575600735
3119 173.08552856996738
3252 172.77901361558006
1669 171.94036043363042
2964 171.69054834054836
1113 171.52590499846002
3182 170.76641973611763
2226 170.3931327364943
2909 169.9902400134166
2927 169.6207768740162
614 169.04069073507316
2103 168.9024351751913
1597 167.1301379335881
1341 166.5659093648159
2361 166.3731212064454
1098 166.22701742701747
2123 165.6859364163158
1593 165.03248418248418
1741 165.0269701298385
2273 164.79207768407474
1242 164.30073774353417
1259 164.28193038506555
1689 163.54496339960897
3403 163.5276463791658
2088 163.28237287284426
1608 162.6676172026928
1149 162.66483053372744
1528 162.39767601047922
1644 162.27845154663933
3118 162.21838322197385
781 161.81011395571954
2184 161.33067779653396
3137 161.0520641985167
2914 160.9242763743956
1344 159.8285313817663
724 159.72650756077414
2873 159.4786174234542
2718 159.43338205482166
1724 158.68615328857814
3319 158.5953342060652
1872 157.92314945654303
3362 157.92256900293845
906 157.79942727543036
2259 157.70195274084392
3204 157.65061865955607
1393 157.3818142074729
3196 156.92068384831543
1347 156.90765144400956
2339 156.64509444250928
2331 156.5916005535976
2553 156.53222047833535
3188 156.27475387398465
2551 156.2056988237359
941 155.83327858446395
1464 155.3504315449114
579 155.2739871207925
653 155.2074676249418
3001 154.78303722421367
2711 154.266267853682
2973 154.12382132594146
2462 154.0690034158914
1727 153.04536371012418
229 152.68177261843752
1479 151.8525263996174
1281 151.5404801138309
2996 151.48216072735477
1108 151.3973894583841
2499 151.3113846881421
1318 151.23640188547566
1858 151.0995892995893
1496 150.81211966492276
1231 150.40846046334747
592 150.12909519542777
927 150.03327459044934
2662 149.80708374391935
2936 149.63890834978667
694 149.55667744809506
1842 149.5475322456077
1337 149.13803777921427
2369 148.804278895516
3851 148.44632159480392
2607 147.18722788797717
2777 147.18030054179445
3177 147.0818800480565
1721 146.93102428133622
3829 146.74646464646466
1156 146.41660053853113
3224 146.1383373948708
16 146.0685190739372
948 146.00879344439124
2943 145.50322197012648
1317 145.00564158064157
1868 144.31752978356786
368 144.11583861664053
2836 143.98474858474856
2404 143.43311624017932
2338 143.4246409890755
1548 143.10205307333757
2796 142.92329723106656
1787 142.61364748090486
3568 142.3231878258194
1596 141.4939113014891
1004 141.37861839320067
1806 141.2006188256188
3577 141.05697172898343
2822 140.9836033247799
3222 139.66190965187138
1504 139.4763821060261
2172 138.95630552063017
1576 138.48143714754767
2564 138.4199611650879
3529 137.3790246790247
2989 137.05170849880304
3114 136.93564796641476
1129 136.45399799054366
1019 136.33086267080873
208 136.20866396804564
2812 135.71992863491215
3378 135.45745827258997
1668 135.09281164210748
3296 134.9970880599402
1943 134.90603055459104
1246 134.8996485884257
141 134.40934722076724
1923 134.36210250083028
1258 134.15808256071418
2028 133.9487849161373
2828 133.7303826424184
618 133.58444536974343
1272 132.8839403195516
2198 132.70559533809922
1483 132.56557604931578
1526 132.42460002124108
1752 132.3838914649462
2244 132.32852204103733
629 132.2337701229948
2751 131.67353125591447
3261 131.2265934819214
827 131.08417848901598
1508 130.1733704152892
1453 130.02224442224443
3046 129.39108939370234
1712 129.22593002583858
3617 128.7369111280876
1722 128.57499458239337
3797 128.47052932161296
976 127.85217360834787
2757 127.81811437686032
1984 127.78805216241788
3168 127.78360658948895
3824 127.39273627689971
1051 126.92080410129944
1047 126.90614414749075
1083 126.6563884055777
2916 126.6458123013246
2867 126.33587268260743
2073 126.33152669145417
79 126.28556500588181
3052 126.28463474649483
3298 126.04337044625416
1079 125.63975771632319
2871 125.17358393803626
2188 125.11119717383657
1482 124.77904737161704
2191 124.62320146608553
3287 124.4684563570618
3346 123.94709897945195
1382 123.6510615196103
1619 123.28909955730737
1497 122.83245561710609
2434 122.73884119762484
1789 122.58897955244227
3586 122.40879262910155
2464 122.30523168341863
3288 122.22874901389902
2107 121.93157434670596
1507 121.82721288293497
2919 121.38906278375853
1123 120.70907288261809
1311 120.66781063743896
1809 120.42257200454134
2706 120.29903761537786
3968 120.06408086810565
2937 119.75150881434966
3341 119.32357919857921
728 119.29012835047193
584 119.2580801278134
1754 119.20609320480133
3332 118.45461322710213
2409 118.04698799487585
3558 118.01227434989045
2906 117.83977895937129
2387 117.7866473344739
3348 117.74074468183308
3267 117.66755404870335
2063 117.28824093811335
1064 117.22715062715064
3191 116.55606863511598
2414 116.1733471135218
3184 115.777196435623
1819 115.61634795506275
1639 115.48989330044546
2938 115.34220779220779
966 115.20477965320607
539 114.43694589550569
3056 114.12589157558502
3419 113.91422248562007
3146 113.9029290062659
2734 113.64670329670328
2741 113.5166197831416
829 113.20290901908548
2664 113.13508303113886
2646 112.96525202449294
3738 112.57886002886005
2231 112.24154991035795
1423 112.23565890085453
1229 112.12350737897086
2849 112.09310671914082
1847 112.02972839853643
1444 111.97188758036856
1898 111.89650825481148
1917 111.52971278222866
3226 110.98912868936381
3279 110.77308802308804
2317 110.630432433064
3842 110.62345769698709
1291 110.41161398737998
1946 110.16514416753856
2763 109.8410526555434
3272 109.77409582518507
1938 109.73326302152306
1026 109.67304763693085
3902 109.39891414316976
1209 109.31224090880747
2677 108.55943223443225
2391 108.35210408449768
2433 108.3338746166416
2931 107.54717929267308
1571 107.29531874753779
2561 106.982791670629
1054 106.7821780847854
1021 106.0500680682887
2601 106.03381845839588
1183 105.98176825502019
3073 105.74526833397438
168 105.70940927133186
1267 105.54846692668917
1654 104.56492355254173
2506 104.37260802789001
1448 104.2677458241205
1359 103.91526715934823
1106 103.5827486239251
3221 102.62539682539683
2806 102.54696158118368
3106 102.42949458047987
2537 102.02843556763405
1971 101.91468547954305
3057 101.48712953712953
957 101.47356361629052
2118 101.11609979558774
3132 100.9690666298611
2371 100.88606568869726
2674 100.84401549841692
2784 100.74098901098901
1716 100.64625995973748
2411 100.49043713424518
1236 100.18312243312243
2412 100.1458818958819
1547 99.85984176362459
2866 99.82050153122763
2049 99.64336300953947
2058 99.49022803832155
3081 99.4888888888889
1848 99.11457039103298
3782 98.59330288447936
2222 98.17301932264245
3869 98.1450046914443
2397 97.40425962925964
2242 97.31637704502425
1037 97.11315798093854
2768 96.86347520728323
3313 96.59326296017524
3422 96.29306572700082
2932 96.15268065268064
2939 95.97137897687071
2064 95.95427360277465
3468 95.88751052868702
2173 95.5912198912199
3303 95.38832489972359
3674 94.3224438100599
3386 94.2875010137477
2029 94.21935188279868
3062 94.01410533910534
2326 93.45341643894096
1979 93.35690692800357
2728 93.31041344276636
2676 93.25899404554482
3821 93.03684463684463
3098 92.9324570329652
2988 92.34620231495369
677 92.13311586074742
2396 92.12944337014703
644 91.69843529500181
3339 91.5882354674939
1348 91.52572949446434
3966 91.17595552284271
1412 91.13117517995329
2783 91.06703460501635
3304 90.66530757757101
1986 90.5566864677438
3086 90.25222534603343
2129 90.07156989037794
1851 89.98557107165311
2864 89.9598179516541
303 89.5836663941223
1843 89.55287624661904
2161 89.54976148191808
849 89.52079467178848
2121 89.35439351466042
3464 89.28434343434344
2163 89.08628101811478
991 88.97065712065712
1774 88.94041895014432
2994 88.78947784539224
3526 88.66336996336996
2827 88.48779083510392
3737 88.46969354175235
1561 88.35865388481488
2438 88.23594672789254
2603 88.07720145814399
654 88.05014690803493
2392 87.40350718507713
1302 87.34017286562002
2043 87.17278005695215
3553 87.12792207792208
3448 87.10317452000045
1142 86.68984927828035
3971 86.67570564683568
997 86.58182821639001
547 86.42768997524313
3794 86.00199573961181
3124 85.58124535983603
994 85.52461444347853
62 85.40453894071719
1849 85.34880253641145
934 85.11873475724603
1462 84.84177190124892
3096 84.8210456467473
1623 84.69202316309986
3149 84.50210339821764
2482 84.42975940250437
3764 84.39797228914875
3211 84.18333333333334
2381 83.87098149166326
1837 83.64416657526229
3036 83.63315998401949
2201 83.62089258954897
3033 83.58362758994019
753 83.0967906505669
3501 82.86654066881555
1511 82.81281773781775
1531 82.36904761904762
924 82.20167197783294
784 81.6782970050087
2488 81.66870886251691
3018 81.36299154062313
2862 81.36156383405783
2518 81.21148946065655
1962 81.00753254820266
3924 80.7907772195698
2304 80.65637942348707
2367 80.63098712372536
2832 80.6248556767222
3873 80.45989298512515
3804 80.278698070524
3394 80.06070992264678
1056 80.01383872548323
2059 79.94666684737629
963 79.7863677419079
4021 79.64963369963367
3734 79.20425679685675
2092 79.09265302120895
3022 78.91708224865468
3016 78.59197270066397
232 78.44721578502099
2323 78.3623455557167
2896 78.07535606199451
1866 77.81842046842046
3559 77.78814450644103
2666 77.51860979637094
1161 77.45411337028985
2969 77.31074963546506
494 77.01878390827126
1907 76.81502604201725
1163 76.7904152960906
2739 76.4687173937174
1859 76.16877200970654
2214 75.86554834054834
999 75.54449144116866
3293 75.4776660193881
487 75.12482311966932
2581 74.91798393442356
3148 74.84716332412746
1632 74.80870780108785
2271 74.80406255511919
3947 74.59010495008947
2623 74.57837351587588
238 74.55084727215402
908 74.51683316683317
2492 74.47074741311299
3158 74.40188060458243
1636 74.3587110049319
1407 74.18874714823215
3431 73.69689754689756
589 73.50538803301963
3187 73.46127761127762
2033 73.4321866821169
2139 73.1680267049065
3576 73.02823023770323
3511 72.752331002331
1919 72.61875543776469
2702 72.48063223326382
2329 72.46272327043472
2354 72.37082434259443
1643 72.36446435551984
1826 72.33053026235272
2993 72.1835989852124
1753 71.90752852215914
3219 71.87190844071648
1533 71.57083447258236
2586 71.44888897722714
2112 71.2935987341804
2341 71.24908424908425
2124 71.16413040625501
2759 71.08970718066625
2713 71.02517843267843
2443 71.01090848407432
2593 70.96913001498689
3212 70.76933372999395
3412 70.7006739992034
1298 70.64993554055778
1207 70.58390773245962
3259 70.52706080469238
1538 70.50488298533853
1062 69.93195497313145
1274 69.89219114219115
2257 69.45245908622537
616 69.34875659256464
548 68.94429021398248
2342 68.85222395853201
3433 68.74616724819644
3079 68.73193028099287
3257 68.66730232099529
2243 68.53322779362968
1068 68.50841087385456
1878 68.36216502678084
2558 68.3
1918 68.0879046927369
1567 68.07729492729493
2228 67.90368055937317
462 67.8998272785681
3174 67.66222588310688
3926 67.31701618216965
59 67.28962202978055
2473 66.9817663554743
2573 66.84167178140007
2104 66.8150932497897
3231 66.8024531024531
3779 66.65501328736622
1818 66.27857300104029
3962 65.90359305571313
1857 65.8598927711594
1678 65.73863370258603
359 65.41065313208787
3466 65.37316017316017
2644 65.3696301634382
2406 65.23084195249365
3203 64.89944777444778
104 64.8471469725276
2154 64.68808027384269
2156 64.12857142857143
1247 64.11163184641445
1271 63.83148972401333
3891 63.767304768263855
2546 63.74188599745343
2743 63.6709327307662
3278 63.55252018512902
409 63.042128716599315
964 62.86946366327171
1624 62.82535250267449
2848 62.49549698667346
3731 62.48812686281727
1278 62.40277483415717
3831 62.28051763051764
3542 62.26361987685516
1288 62.20644436197493
2253 62.180105683449504
3449 61.81161177418076
2296 61.4913436018491
2689 61.23816724440493
1404 61.12506991833035
782 60.925396825396845
3927 60.91356421356422
2536 60.74465717578876
2819 60.650346875346884
3508 60.64523809523809
2667 60.48956043956044
1426 60.45639696665193
2976 60.17535263641873
3722 59.959185259185254
1009 59.534110400424446
446 59.494312314915405
1314 59.35258782701815
2352 59.018428885048394
2423 58.97994193495081
2276 58.97352023543818
1304 58.963671416303
2619 58.790393901046926
3956 58.78823953823954
1614 58.68823612456471
2631 58.67903572848985
842 58.45466282083929
932 58.436579844355954
2872 58.226976361247566
3381 58.064693245534286
96 58.01062425843564
853 57.501936927178065
3612 56.81587301587303
2504 56.59366242987248
27 56.48218825439697
1121 56.35071313247328
1647 56.263604539969606
1891 56.07112454673111
1686 56.06860130454491
1743 56.0131895881896
101 55.72178422111363
2984 55.289809127223315
2449 55.24550935929646
3629 55.171667221667214
2773 54.82484486260264
3273 54.69943749061396
1994 54.630524911259194
2299 54.44886634789032
1131 54.16721117719569
3469 54.12734487734487
449 54.021924801296215
3803 53.956421356421366
1422 53.90014450671682
3041 53.87812751764365
3628 53.666161616161624
739 53.6283647306396
2287 53.623403123524334
2868 53.558151108151115
848 53.50917874396134
3488 53.25635587024064
2293 53.16447038214325
1658 53.14400219644736
1803 53.135209235209246
3129 53.04548292872991
1388 53.01594168611008
973 52.68823300882125
3951 52.65076989573892
1659 52.47307634086512
2892 52.349850149850155
1177 52.16666666666667
773 51.93600805764169
1652 51.83554719241929
3836 51.830303030303035
3377 51.699040063189194
1296 51.68340380284087
3176 51.56263458763458
2448 51.55970952851757
2023 51.42048507048506
3719 51.359385875562346
396 51.12892521889379
2974 51.12655352585031
3329 51.11365758424583
3721 51.004081553570046
3702 51.002806684648114
1424 50.877192982456144
1738 50.84280084040938
3223 50.80030469530469
2356 50.7065109639265
1862 50.61563310255012
2991 50.49656517651577
3004 50.34506460240823
2698 50.31867428369079
1901 50.083017489010274
2844 49.98374932314561
1779 49.91921436686883
3171 49.87702277083082
3301 49.84211092663604
2497 49.762720612720614
1566 49.50240315240315
2446 49.335184742545295
3384 49.1747881463955
1921 49.14028611347182
2803 49.0436507936508
2091 48.85012662775821
3306 48.750127277737505
1178 48.68039738039737
1796 48.653672225128176
1942 48.59387535183806
1681 48.3420570139185
2911 48.241551467018084
1537 48.22979797979798
1307 48.13992118992119
2887 48.06678398751781
1988 47.87911671661672
2578 47.772763014946904
787 47.75830003330004
3297 47.68108621034427
833 47.51904761904762
3496 47.4436507936508
1441 47.416183816183796
3207 47.33597954333248
2083 47.3027999563343
2962 47.26435786435787
2366 47.225926931152046
1451 47.2030658940314
398 47.159430622114776
1883 47.129696120872595
569 46.97957472984749
1268 46.75715895718861
372 46.63363812270792
766 46.31807212395447
3206 46.30003451321079
3931 46.21779701779702
1763 46.09748489864443
1889 45.952380952380956
2638 45.853222265485975
2474 45.76974136974137
2858 45.71507936507936
3833 45.64531434910691
2374 45.59746002903003
3393 45.57315022142609
2854 45.42164405302127
3364 45.41873774158133
3933 45.17619047619048
2618 45.1150974025974
834 45.02887210828388
22 44.976816882873955
2818 44.76495726495727
1734 44.62913311284523
1306 44.59946050681345
3791 44.542857142857144
2912 44.32330894400096
687 44.244229650638296
2074 44.2249765220211
283 44.055873293762374
2363 44.05164710403693
2401 43.939693639693644
617 43.714273311152226
2559 43.713720803825595
2236 43.615595515595516
1908 43.55318929436576
1982 43.27230114989553
2386 43.27145179172397
1667 43.08338030218835
1811 43.03981278762605
3276 42.95494042994043
2756 42.897766570108026
3007 42.77406884987132
944 42.618901970062964
1323 42.51043692520319
2949 42.35476190476191
1539 42.24331646298129
3747 42.042857142857144
1679 42.01514909278163
3514 41.971813437680304
3823 41.93419913419913
2006 41.79766971846365
2826 41.71897546897547
2318 41.58591922239625
1641 41.53333333333334
3416 41.38408878197512
679 41.35834512235841
1781 41.344466644466635
1634 40.98569722331332
1936 40.8063492063492
3208 40.75238095238095
2288 40.708758959234174
2929 40.59554708163582
3247 40.58418285480551
1594 40.49239117364119
2712 40.49211849900233
3884 40.47499388856906
2308 40.44787566637065
3284 40.4037131371259
797 40.28953654847618
1413 40.151549341527584
3142 39.92927683933327
2897 39.9234489507121
223 39.882799604381994
2672 39.868708443568046
3826 39.847678857663375
922 39.80044394514777
2549 39.72779253844079
2408 39.718450085143914
3014 39.71045033283714
1181 39.668070483591734
3166 39.522092878262214
3534 39.49983904983905
3651 39.444572704557224
727 39.296369969899374
3157 39.280036630036626
676 39.2463294969707
1929 39.24021915037224
726 39.19146180616769
636 39.12632541986773
3909 38.89383753501401
3711 38.86954854570953
2489 38.85431958248996
1092 38.81213029100228
2108 38.738198000381686
2521 38.68783486675467
458 38.68175132377879
2379 38.57173068141916
2207 38.47705627705628
734 38.3760291995586
3443 38.329509379509375
3199 38.27357291144222
1402 38.25423719113302
573 38.20368418131576
2576 38.13921944438803
2681 38.03638040002181
3438 38.01863270888039
2147 37.95888768360691
3328 37.891374269005844
619 37.87877217814511
2393 37.78680665752972
959 37.72897542513718
3546 37.67142857142857
489 37.663684700683994
2484 37.6087721246573
1904 37.53491989606541
3499 37.2930735930736
718 37.23812196575354
2637 37.132163480047645
3648 37.121587562764034
1737 37.03016551110768
1432 37.02376723156765
2556 36.982951443488446
2216 36.923844159877675
3294 36.8474064720986
3264 36.83450058713216
1927 36.80242353861436
752 36.79958553460928
2221 36.76722082251588
2853 36.76308863092838
2348 36.70504314468097
1588 36.70497835497836
3592 36.67380952380952
2749 36.625695978911764
2978 36.488498429674905
1082 36.457743503342535
3373 36.375176577808155
2202 36.30999110599657
1653 36.23202890774917
1527 36.208427683427686
2663 36.05443039345478
2737 35.86076490290045
3822 35.84822285557579
2686 35.79533244533244
1138 35.78571428571428
2146 35.785073260073254
919 35.72632658693698
2856 35.71269841269841
212 35.483918988199015
2753 35.419462357756146
936 35.39431880852211
3379 35.37976539857344
1398 35.31098877506377
3064 35.20177774380989
3692 35.18089212702216
1219 35.17478597401757
3693 35.112031696087435
977 35.045516205500725
1292 35.031638242291145
983 35.03103966319864
3601 35.02945942945943
2843 34.923802123802126
3029 34.730077640497115
3337 34.647212725803385
2874 34.62261062822106
3213 34.61360475728154
3886 34.51311404453819
2519 34.25150187149126
3307 34.13333333333334
1766 34.12327028979778
768 33.97698412698413
3828 33.7655143588109
2022 33.66304159888722
3237 33.56452825707005
2086 33.477533540700485
3316 33.29977462873884
769 33.005146587556084
2432 32.950343226244556
3234 32.81717856591645
1541 32.813885899102615
1542 32.72199949642855
2807 32.697519147519145
2648 32.67341893444887
2476 32.60908734863912
3043 32.57142857142858
3326 32.297496947496946
3421 32.22383172383172
3573 32.137670662670665
818 31.97222222222222
3042 31.959646587202922
1384 31.93427128427128
3404 31.84208569208569
3138 31.633333333333333
3391 31.525092446261283
2762 31.516386242345323
1772 31.363234903764177
2061 31.353529419787538
3714 31.220791136967605
3009 31.182558087928935
2539 31.12870264745099
2067 31.099598011827258
2152 31.07857142857143
2612 31.067759448981686
3554 31.041558441558443
2237 30.92737534235089
2654 30.89644334013928
666 30.881529754392737
1356 30.825541125541122
134 30.769455262723856
3662 30.738095238095237
961 30.650000000000002
952 30.636620373938122
1212 30.61199911199911
1997 30.589779535656824
354 30.400047848747995
257 30.279108937641553
1418 30.19062049062049
3409 30.177655677655675
2673 30.17650063423594
771 30.166666666666664
3642 30.053160579119655
1578 30.042975737321886
949 30.002052453995947
2628 29.95859952740758
3988 29.8974358974359
474 29.812559828658312
1036 29.807023993081355
3921 29.797280497280497
1646 29.781096681096685
1733 29.70167018276589
754 29.68438213534121
2122 29.629110104260455
3852 29.53050084291503
764 29.52087990829409
314 29.377566806854084
822 29.371428571428574
1351 29.313070355472313
2823 29.2339102498434
2696 29.224675324675324
2416 29.038096532327042
1672 28.98887758268563
2622 28.95788655788656
3564 28.934920634920637
3069 28.90999278499278
663 28.862518136932973
3486 28.806638416622935
2212 28.785313086863354
2467 28.76078349168166
2531 28.661735833113166
3528 28.47454424660307
3343 28.216666666666672
1518 28.152380952380952
1877 28.13146556956364
2809 27.924675324675327
971 27.90940926875089
3383 27.908802308802308
2744 27.73333333333333
2359 27.730806741912183
1691 27.65621500846347
1832 27.523247808133778
3144 27.28333333333333
1198 27.281158566721015
1241 27.25101900724124
3561 27.235714285714288
3463 27.22858973385289
736 27.107142857142854
3236 27.10644355644356
2277 27.089560439560437
2657 27.04760499857685
1143 27.01359030369728
1649 26.987738848043957
3103 26.939059361690937
3881 26.796825396825398
597 26.787837621349016
2924 26.74306048205017
2831 26.693001443001442
3286 26.302747773491745
3139 26.12712842712843
2307 26.11643873466156
2562 26.04491978609626
73 26.03483665943448
1452 25.98749988453986
3964 25.98333333333333
361 25.970958152111724
2626 25.948968057556442
3108 25.931396381007588
3242 25.80238095238095
2829 25.53685007802655
3809 25.50238095238095
3728 25.254279054279053
1072 25.16167565664469
3536 24.985714285714284
2957 24.91904761904762
3374 24.919047619047618
1987 24.854406346254557
2109 24.817679446067334
3471 24.78036583299741
1421 24.76212121212121
2164 24.76149358391884
129 24.745306543750196
3164 24.685614385614386
2789 24.635858585858585
2731 24.58059953104046
2614 24.576068376068374
1944 24.550545652753716
3858 24.508669271904562
1188 24.50040114684077
1968 24.479155249664444
3799 24.466666666666665
2099 24.424675324675324
1257 24.389305416871856
532 24.333333333333332
1299 24.25072006596774
3024 24.164163614163613
2697 24.002380952380953
3123 23.886355727550505
2159 23.87289544608454
2574 23.827048831150616
3841 23.695889355904164
3621 23.671428571428574
3432 23.61111111111111
1903 23.597749299246672
3239 23.508531777172724
418 23.499359326881432
1088 23.4508658008658
3707 23.431875165187183
2534 23.055555555555557
2234 22.885709278850992
1321 22.8796221173548
1167 22.828063396871443
2847 22.816666666666666
2261 22.780913612335432
3599 22.693312243312246
3768 22.67839556957204
2923 22.64126984126984
1434 22.539726939726943
3547 22.535714285714285
2563 22.509167736540764
1477 22.495981795981802
2179 22.4759806861088
1503 22.35018701652622
1097 22.33988801928094
437 22.333333333333332
814 22.332473768249628
2859 22.31112469230116
3847 22.3
1112 22.212900017296025
1216 22.139878351408836
289 22.11025641025639
2851 22.10000777000777
3474 22.058802308802306
2181 22.021703296703297
2566 21.963562225976414
1931 21.867793632317202
2357 21.854761904761908
3538 21.766161616161625
682 21.667695948337443
1457 21.589686601440693
2297 21.5265819505868
2272 21.525055499631982
3023 21.50487370017732
712 21.47936507936508
742 21.471428571428568
1187 21.4039183039183
1747 21.34505140885946
1127 21.298412698412697
2934 21.198290598290598
1952 21.18312469788276
4026 21.174358974358974
3169 21.14979041277587
2656 21.000671550671555
1481 21.000163725163727
3896 20.92244226361873
1053 20.900000000000002
3021 20.843203653807635
3067 20.827777777777776
2427 20.730150770222995
738 20.702435641887973
3967 20.68333333333333
2552 20.541378974325415
1587 20.458775634150683
274 20.458481178947984
3228 20.404155693414168
3238 20.352110489498084
839 20.324603174603173
3609 20.283527574936247
2761 20.27014100445819
3459 20.225468975468978
3193 20.214178266573654
1749 20.199999999999996
2733 20.151868021206134
3563 20.11418581418581
3483 19.992929292929293
1501 19.97993214110861
1266 19.946919746919743
696 19.915381696969582
1562 19.833333333333336
3048 19.781818181818178
2249 19.759777540072
3093 19.716516816516812
3949 19.704761904761906
3903 19.584067566420508
806 19.57222222222222
3557 19.555235954724445
1981 19.531571988636916
3624 19.48571428571428
1007 19.460013512645087
2876 19.442709045340628
1201 19.4255925552671
3784 19.27108714871873
2557 19.252564758337467
989 19.201082209138157
413 19.14186797031988
1564 19.085808635808636
1023 19.022348268199245
2918 18.976090576090577
777 18.95642135642136
2577 18.811999111999114
3532 18.696897546897546
1202 18.666666666666664
3706 18.654918121094585
1989 18.64281816211081
3752 18.432756132756136
1599 18.41111111111111
903 18.31677528406294
3189 18.268540718540716
1841 18.255966213156565
2209 18.255097902357086
3697 18.242900302884824
2889 18.21495726495726
2953 18.14375014775262
3249 18.130830280830278
789 18.08809523809524
1723 17.952162117094396
294 17.9144126440482
2523 17.84784382284382
574 17.81123023003828
811 17.77653781629133
3626 17.771428571428572
1829 17.76919191919192
3718 17.739850368642937
3698 17.678571428571427
1696 17.665151515151518
1308 17.480627705627704
2418 17.41216484955089
3047 17.399622227497755
2907 17.346277092341058
3151 17.231537351537348
763 17.192809228954737
2098 17.14259168800748
1379 17.097987084931336
2627 16.997258701228965
1896 16.95238095238095
2192 16.93423982842764
2048 16.740806919013465
2954 16.719047619047615
1999 16.682015109892774
1698 16.68015873015873
4013 16.67575757575758
2213 16.668119874631373
1798 16.634350754687944
1499 16.61904761904762
3907 16.596392496392497
2077 16.577618092097904
3309 16.546775446775445
2882 16.54126984126984
1091 16.52922978744135
1963 16.525389592307803
2967 16.508226327211723
3359 16.392410367410367
1279 16.383712312226926
3792 16.373346914523385
758 16.359073236704816
3497 16.311474799710094
341 16.29296994409696
2407 16.27649393002617
3484 16.226406926406924
2633 16.129485341388513
3491 16.122842594282226
2639 16.116464396357724
981 16.08420828858847
1287 16.054808658358496
488 15.955475806746461
3937 15.954040404040404
3254 15.887179487179484
3549 15.838095238095239
732 15.805555555555555
3862 15.724675324675326
807 15.701904454520555
2477 15.678512837484714
3312 15.66111111111111
3068 15.638586413586415
3616 15.633333333333333
2532 15.6284564526682
2554 15.61999808705893
2316 15.591269841269838
3866 15.518483259659728
2997 15.507936507936508
3028 15.46031746031746
1704 15.459097649930872
2987 15.404771057952175
2933 15.291269841269841
2303 15.286082108854803
701 15.257911326719375
2797 15.228979264343042
3761 15.21767676767677
2089 15.199167292975341
2119 15.159985276161747
2948 15.096960524855263
2688 15.066666666666666
943 15.059149184149183
3482 15.019047619047619
3402 14.999999999999998
3032 14.954711954711954
2893 14.952380952380949
1232 14.945139184038766
2426 14.902331002331
3969 14.866804274157213
1118 14.859012840108546
2011 14.850167881361259
1552 14.808123249299719
3533 14.800605766782237
1953 14.770556588347818
3979 14.766666666666666
2983 14.757936507936508
3524 14.737316278492749
3458 14.723807564984032
1728 14.62967537085039
3726 14.606493506493505
3569 14.559403038195606
2311 14.539337588501917
4019 14.5
2082 14.444719169719171
3763 14.444047619047616
2353 14.385468679232766
2373 14.371825396825399
2977 14.351114749191115
2469 14.287427721724882
1494 14.246919746919744
2684 14.233306527660115
2291 14.196031746031746
1336 14.181651043248527
2041 14.166666666666668
1328 14.142929292929294
2193 14.104112554112554
3357 14.005770155770154
3643 13.980987313340256
1629 13.867969746560403
2346 13.864313526709033
2421 13.833333333333332
923 13.772438672438671
714 13.77222222222222
1701 13.721378621378618
3867 13.720945720945723
2708 13.662677714804296
1228 13.647202797202794
1914 13.601043636019833
123 13.536445649245511
2036 13.503189294365763
992 13.41239955180997
3898 13.411111111111113
1144 13.393745143745145
3399 13.347227407660592
2046 13.32540093785985
1572 13.30074844471648
1286 13.238414784577643
1139 13.21479786123749
3556 13.096825396825396
2456 13.088888888888889
3518 13.08327554798143
3583 13.041269841269841
403 13.02746885447527
3602 12.98095238095238
3192 12.978720256351835
2587 12.953724053724052
793 12.917901542901545
1524 12.907866932773882
3786 12.905488858120435
2726 12.901731601731601
2878 12.897619047619047
3679 12.8
2658 12.738188625999399
1073 12.733333333333333
2306 12.730686791779082
498 12.705146036851072
3872 12.628571428571428
1676 12.614163614163614
631 12.598839494620306
1556 12.552669019268023
1174 12.537301587301585
2286 12.50436507936508
2453 12.495424836601307
1316 12.493618575037548
926 12.47446403228285
3088 12.467167919799497
426 12.4554493235891
901 12.455233698713306
2846 12.453969245408874
2961 12.412478165109746
836 12.404761904761903
748 12.286408036408035
3318 12.280108780108783
647 12.253968253968251
3578 12.234762104529233
3671 12.167532467532467
3462 12.152273337257858
2766 12.12152913866469
1389 12.120513772779603
3667 12.108257385888965
2771 12.096897546897546
969 12.058923164041783
2579 12.043267029848753
362 11.992596344962637
3683 11.87241349122154
1081 11.845172056993864
3153 11.841666666666667
1814 11.815151515151516
2136 11.814340589752694
2114 11.73253968253968
519 11.689539748846816
871 11.666666666666666
1606 11.665984621801588
817 11.577447552447552
2057 11.536714893561419
909 11.5
3687 11.446813615110154
1008 11.388888888888888
1293 11.360818628018572
2791 11.355555555555556
838 11.345925091191306
3539 11.233333333333333
3753 11.224769674769677
3066 11.174603174603172
1033 11.16904761904762
1043 11.166666666666666
3167 11.164235764235764
1544 11.13809523809524
3901 11.066666666666666
2903 11.059401709401708
2981 11.059115920387141
914 11.056349206349207
792 11.050875935658544
2321 11.0
3566 11.0
3914 11.0
3292 10.983333333333333
69 10.9225706382863
568 10.916666666666668
1433 10.834271284271283
898 10.785330301831566
1873 10.769045712005207
938 10.703863433271835
352 10.687493332506216
939 10.680303030303028
1042 10.591625651610173
2044 10.575255977404032
2591 10.551939701631904
2383 10.515914327200118
2248 10.481890331890332
3944 10.415652768284346
2821 10.37902272019919
3634 10.365223665223663
2403 10.34935064935065
847 10.337368187368188
2486 10.335664335664335
3638 10.333333333333332
2804 10.28695652173913
1218 10.285714285714285
3776 10.242857142857142
2941 10.222222222222221
1137 10.199980013181657
2837 10.185714285714285
3476 10.181818181818182
622 10.18003663003663
2861 10.166666666666666
2891 10.163516389146972
3509 10.074330920770548
912 10.030158730158732
741 10.025501253132832
1601 10.00254233001709
3762 9.994095283801165
3904 9.88888888888889
3392 9.876262626262626
3349 9.857936507936508
1719 9.842929292929293
2034 9.833333333333334
1333 9.81054628258626
528 9.7737849074752
1468 9.73970969743079
1234 9.736457986457985
258 9.657536173347086
2717 9.574175210162009
3517 9.507310783471773
988 9.50391704376617
2197 9.406728359359938
3503 9.382381358340437
1058 9.321428571428573
778 9.304193029193028
3888 9.299999999999999
1934 9.296031746031744
1103 9.257301762564921
799 9.166666666666664
907 9.156923076923077
987 9.133333333333331
2402 9.072100122100121
684 9.053503806135385
2682 9.04722222222222
1401 9.03921568627451
3659 9.0
2942 8.817532467532466
1378 8.795474220145778
1244 8.795115995115996
1801 8.780976970895106
3713 8.779004329004328
1364 8.77051282051282
3504 8.733333333333333
813 8.685714285714285
707 8.673809523809524
3817 8.647691197691197
1094 8.574603174603174
3767 8.49848484848485
1906 8.487057997042518
347 8.473050515420166
3656 8.46699391080196
2258 8.44418021459187
1633 8.37157360183676
3013 8.275235114043163
902 8.263480814817832
1089 8.233333333333333
311 8.182786785429185
3636 8.16067821067821
2019 8.159972856091972
1116 8.063768920144785
722 8.023809523809522
3133 8.004761904761903
3543 7.978758169934641
3527 7.962945061474474
3209 7.957368448544919
2641 7.9268828002982925
3703 7.888095238095238
1093 7.876190476190476
2723 7.873809523809523
3789 7.833333333333333
564 7.833333333333333
3244 7.761976911976911
3428 7.723088023088023
3658 7.705714546891017
2208 7.675470995361731
3262 7.575909897349525
1869 7.55920550038197
3943 7.388070580949837
2794 7.375300870715779
1532 7.365921098558791
786 7.354761904761904
956 7.333333333333333
3246 7.331818181818182
2162 7.319719169719169
716 7.3047619047619055
1773 7.217554625825773
2017 7.166666666666666
3141 7.166666666666666
3109 7.148978592786642
3608 7.1262626262626245
2274 7.120042050422375
779 7.108030858030858
1484 7.105656091176157
3682 7.0857142857142845
837 7.072670807453417
3548 7.0666666666666655
1478 7.034149184149184
1822 7.008874458874457
1087 7.0
1248 7.0
1956 7.0
3356 6.973984348984349
3452 6.96865715983363
1958 6.967396775324462
1784 6.939652920179236
1213 6.923434898434898
1957 6.917642650014664
3664 6.8999999999999995
3878 6.8865800865800875
536 6.886069243741403
3741 6.874686218494267
737 6.83975468975469
2522 6.829412618304657
3622 6.802453102453102
2097 6.784248111715547
3743 6.766161616161615
3818 6.763845305021776
3623 6.750027652659231
626 6.740151515151514
3507 6.7333333333333325
3099 6.685714285714286
3958 6.666666666666666
1438 6.629417990383926
3478 6.557142857142855
1151 6.538095238095238
1928 6.536916506432635
2947 6.5124883286648
254 6.503455174332315
3156 6.466666666666666
2424 6.423565323565323
266 6.422735950814731
14 6.385470085470085
3388 6.385372405372405
759 6.36038961038961
1961 6.333333333333332
2217 6.3
3587 6.290476190476192
2186 6.276815639229827
2709 6.2523809523809515
2703 6.246775446775446
2349 6.2309024309024315
657 6.228661031872183
3531 6.185714285714285
2301 6.166666666666666
2747 6.164357864357863
3929 6.134318253126302
693 6.102006327006327
3163 6.095922286347983
3972 6.081240981240981
2479 6.0758631399253895
2314 6.034271284271283
3229 6.034199134199135
3418 6.007936507936508
3696 5.916666666666667
3061 5.904761904761905
24 5.883494259089898
1739 5.835851077027548
709 5.829834054834054
588 5.781501831501831
3759 5.763636363636364
3837 5.763636363636364
2251 5.6912698412698415
521 5.617193153623847
3241 5.613101604278075
623 5.612680740312318
2701 5.5971959212671285
1756 5.5668756080520785
3473 5.5621212121212125
2959 5.468997668997669
809 5.463821266452846
2972 5.442929292929293
2238 5.432936507936509
2888 5.401190476190475
1517 5.389050169873774
442 5.370346026556305
1141 5.341269841269842
3243 5.33563362690617
3754 5.304761904761905
1162 5.299999999999999
2752 5.285714285714285
3646 5.274465240641711
3863 5.252380952380952
2652 5.234144136454831
1764 5.229928118066529
746 5.22142857142857
889 5.220168513976564
826 5.177842419018889
2262 5.154165121657382
3439 5.133333333333332
3832 5.117647058823529
3614 5.098484848484848
3769 5.0802308802308795
3724 5.066666666666666
3102 5.0664543147204375
1039 5.06461474416712
117 5.061169751301331
3441 5.019047619047618
3414 5.006943281505177
1342 5.0
1368 5.0
2727 5.0
2834 5.0
3197 5.0
3678 5.0
3941 5.0
453 5.0
68 5.0
1664 4.999999999999999
1838 4.999999999999999
3522 4.983333333333333
587 4.942299636048157
831 4.941414141414142
3778 4.9190476190476184
3227 4.916666666666666
522 4.911904761904761
3772 4.8999999999999995
2687 4.89293195125613
3358 4.888888888888888
3777 4.881024531024531
2524 4.876273726273727
1489 4.853730357227462
2606 4.852671167295948
3618 4.808785355224983
691 4.75
3493 4.715894073247013
533 4.694107294718413
2008 4.685714285714286
529 4.671459680075533
3652 4.666666666666666
3859 4.666666666666666
1884 4.647543284988328
2769 4.588888888888889
478 4.5593420453551365
2779 4.5590492840492844
731 4.540223841028121
3574 4.5189976689976685
1708 4.515151515151515
3216 4.5
2227 4.495238095238095
2096 4.489463583426536
2816 4.466666666666666
664 4.402525252525253
1044 4.391260864214721
3492 4.388888888888889
2362 4.3553682527669615
1154 4.352380952380953
1263 4.333333333333333
3627 4.325574915280798
502 4.3136485436893155
3512 4.289826839826839
1134 4.285714285714286
733 4.252380952380952
711 4.2403307476836885
1249 4.237251637251637
767 4.21904761904762
3644 4.185714285714286
2051 4.1650793650793645
1949 4.152380952380952
2513 4.135664335664336
94 4.131707723684448
3472 4.126190476190476
2388 4.066666666666666
3314 4.020512820512821
2584 4.01301556630504
192 4.0
3502 4.0
3641 4.0
3812 4.0
49 4.0
1463 3.9886312340735346
796 3.966666666666667
783 3.945040047671627
603 3.9275474525474525
1168 3.924603174603175
3868 3.9185425685425685
1057 3.9000000000000004
583 3.8437229437229448
843 3.7869463869463877
1592 3.749484378496775
3039 3.7314935064935066
3771 3.6666666666666665
3827 3.6666666666666665
1038 3.666666666666666
2884 3.666666666666666
3632 3.666666666666666
1777 3.6635277297406916
821 3.6595959595959595
3631 3.643550893550893
3917 3.593073593073593
3894 3.5666666666666664
2651 3.5555555555555554
3092 3.5441040247966242
3283 3.535664335664335
2466 3.5023310023310024
3757 3.496969696969697
3774 3.496969696969697
3957 3.496969696969697
3934 3.4661319073083776
681 3.4508658008658015
1922 3.415628815628816
3663 3.4094017094017093
2802 3.4049426450742235
3727 3.4000000000000004
1301 3.4
3736 3.354906204906204
1607 3.333333333333333
2281 3.333333333333333
2487 3.333333333333333
2926 3.333333333333333
364 3.333333333333333
3739 3.2415584415584417
1978 3.226334776334776
1084 3.1734407096171804
611 3.171879874511454
3423 3.12051282051282
1797 3.068965517241379
867 3.0666666666666664
643 3.0428571428571436
661 3.0428571428571436
1417 3.0
1713 3.0
2439 3.0
3159 3.0
3269 3.0
3271 3.0
2503 2.988095238095238
3128 2.9857142857142858
1568 2.957425108954251
551 2.9570429570429573
1974 2.9176470588235297
931 2.9031968031968036
756 2.902323493499964
333 2.884004884004884
1461 2.878787878787878
1874 2.8590987455845616
2514 2.851226551226551
3976 2.850886150886151
477 2.8333333333333335
2113 2.833333333333333
3893 2.833333333333333
1363 2.811568984028938
1319 2.773060937656442
1381 2.7389565889599563
998 2.7163742690058474
3571 2.715151515151515
762 2.703846153846154
2971 2.68975468975469
66 2.6694856465175634
1147 2.6666666666666665
3887 2.6666666666666665
3661 2.666666666666666
206 2.644450456950457
612 2.6402059928375716
486 2.6213786213786214
3461 2.619047619047619
3607 2.6190476190476186
1602 2.617783850136792
1648 2.5910322658451608
2801 2.5666666666666664
3477 2.5666666666666664
1933 2.56031746031746
3382 2.546775446775447
2634 2.5
3053 2.5
3923 2.5
176 2.4953621348782633
28 2.468925518925519
816 2.419047619047619
974 2.3666666666666667
167 2.333333333333333
3551 2.333333333333333
3908 2.333333333333333
879 2.333333333333333
881 2.333333333333333
1164 2.3081806733484758
3447 2.2857142857142856
3657 2.2256132756132754
429 2.2055555555555557
3194 2.1791312179392675
863 2.167787561595611
876 2.167787561595611
1152 2.1642357642357646
2917 2.160554939031662
1821 2.1230573410739293
1498 2.1189655172413793
3371 2.107237207237208
1493 2.101796650650467
3202 2.1010751237067025
491 2.0932234432234433
578 2.0826118326118324
627 2.0826118326118324
658 2.0826118326118324
659 2.0826118326118324
2066 2.069047619047619
1063 2.032856651529878
599 2.019119769119769
662 2.019119769119769
1194 2.0
182 2.0
3044 2.0
3544 2.0
3694 2.0
406 2.0
986 1.9984848484848485
2452 1.9687229437229437
958 1.954124788255223
1251 1.9492063492063494
3457 1.9166666666666665
704 1.9166666666666665
2263 1.9
3333 1.9
3802 1.8904983904983905
861 1.8857142857142855
632 1.8762626262626263
2613 1.8418757775698245
351 1.833333333333333
1977 1.819047619047619
1069 1.8073402397912395
3814 1.8047619047619046
3083 1.8
972 1.7700059000568351
2879 1.764957264957265
3839 1.7333333333333332
812 1.731818181818182
3338 1.7222222222222223
3427 1.7222222222222223
3567 1.7207070707070709
3598 1.7000000000000002
3323 1.6928571428571426
2021 1.6878179139719642
3537 1.6666666666666665
3637 1.6666666666666665
3787 1.6666666666666665
723 1.6559523809523808
864 1.5912198912198914
893 1.5912198912198914
2811 1.5857142857142859
3654 1.583333333333333
1992 1.5824175824175821
2076 1.5824175824175821
3874 1.5787878787878786
3912 1.5787878787878786
3963 1.5666666666666667
2312 1.5457070707070708
1297 1.5357142857142856
1788 1.5
3513 1.5
2746 1.4743952684742159
1731 1.4666666666666668
633 1.424675324675325
1443 1.419047619047619
3446 1.419047619047619
2166 1.4157509157509158
3479 1.4111111111111112
3562 1.4111111111111112
3613 1.4111111111111112
3649 1.4111111111111112
3883 1.4111111111111112
689 1.4000000000000001
3892 1.392929292929293
2016 1.3815793012488828
2609 1.3652236202141623
2886 1.3523809523809525
878 1.3463589901670394
844 1.3463203463203464
3217 1.3452380952380951
1133 1.3333333333333333
1442 1.3333333333333333
2437 1.3333333333333333
3742 1.3333333333333333
3751 1.3333333333333333
3916 1.3333333333333333
937 1.3333333333333333
3843 1.319047619047619
3058 1.3134920634920635
2454 1.3065817683849918
2528 1.3
509 1.2881895881895882
979 1.2857142857142856
3436 1.2551587301587301
2908 1.247391828925729
3481 1.2444444444444445
3523 1.2444444444444445
3834 1.238888888888889
3712 1.204978354978355
3389 1.2
3647 1.2
598 1.1992608268924059
2358 1.1818181818181819
3603 1.1801587301587302
424 1.1713286713286712
1157 1.1666666666666665
788 1.1666666666666665
3788 1.1663419913419915
2141 1.1585188461349454
791 1.15
3932 1.1333333333333333
1411 1.1177489177489177
222 1.1065103415103417
3008 1.1023310023310025
2699 1.0982905982905984
3773 1.0912698412698414
2158 1.06007326007326
3913 1.0513538748832867
3991 1.05
4011 1.05
2012 1.009874666587592
1254 1.0
174 1.0
2178 1.0
2527 1.0
2714 1.0
2998 1.0
356 1.0
3673 1.0
3816 1.0
383 1.0
386 1.0
3882 1.0
411 1.0
757 1.0
621 0.9999999999999999
2572 0.9921332276751595
3334 0.985858585858586
3819 0.9707070707070707
3308 0.9523809523809523
2982 0.9484848484848486
751 0.9454248366013072
721 0.9
2013 0.8922243255485041
761 0.8675324675324676
1887 0.8628028404344192
3806 0.8333333333333333
3591 0.823456076087655
3977 0.8222222222222223
794 0.8174603174603174
3063 0.8055555555555555
371 0.7916666666666666
3973 0.7750544662309367
882 0.7749304187384682
3498 0.7691197691197691
3516 0.7666666666666666
3519 0.7636363636363637
3579 0.7636363636363637
1802 0.7607351712614869
2898 0.7532467532467533
3112 0.7168071694387483
1748 0.6884920634920634
2963 0.6857142857142857
3552 0.6857142857142857
381 0.668997668997669
1186 0.667787561595611
2106 0.6666666666666666
3161 0.6666666666666666
3429 0.6666666666666666
3588 0.6666666666666666
3606 0.6666666666666666
3954 0.6666666666666666
399 0.6666666666666666
441 0.6666666666666666
501 0.6666666666666666
866 0.6666666666666666
577 0.658008658008658
2568 0.6310041407867494
2632 0.6222222222222222
382 0.6222222222222222
3398 0.6190476190476191
1853 0.6170869304116194
562 0.5833333333333333
3541 0.5818181818181818
2496 0.5727914324483966
1061 0.5714285714285714
1203 0.5714285714285714
3681 0.5686274509803921
702 0.5555555555555556
2599 0.5127030089896621
1996 0.5
2094 0.5
2422 0.5
263 0.5
2774 0.5
2776 0.5
296 0.5
3074 0.5
3127 0.5
3444 0.5
3749 0.5
3849 0.5
1924 0.4871794871794871
628 0.47619047619047616
3012 0.4722222222222222
1439 0.4369969219734477
187 0.4333333333333333
2692 0.4040404040404041
3857 0.40404040404040403
2621 0.4
2732 0.4
3131 0.4
3181 0.4
3251 0.4
3848 0.4
872 0.4
874 0.4
3311 0.38181818181818183
3708 0.38181818181818183
3281 0.38095238095238093
1771 0.37733245826341083
3581 0.3666666666666667
2444 0.3356643356643357
1937 0.3333333333333333
2678 0.3333333333333333
3122 0.3333333333333333
3218 0.3333333333333333
3354 0.3333333333333333
3952 0.3333333333333333
139 0.29545454545454547
846 0.29166666666666663
2182 0.2857142857142857
2256 0.2857142857142857
3126 0.2857142857142857
3266 0.2857142857142857
3322 0.2857142857142857
36 0.2857142857142857
3936 0.2857142857142857
1239 0.28431372549019607
2177 0.2777777777777778
1506 0.2705387205387205
593 0.267287784679089
3666 0.25396825396825395
1759 0.25
3368 0.25
3424 0.25
349 0.25
3766 0.25
3783 0.25
466 0.25
886 0.25
3796 0.23859649122807017
1354 0.2
2252 0.2
2798 0.2
672 0.2
2899 0.18181818181818182
3701 0.18181818181818182
2493 0.16666666666666666
3352 0.16666666666666666
3594 0.16666666666666666
3639 0.16666666666666666
3871 0.16666666666666666
3919 0.16666666666666666
2014 0.15740740740740738
3928 0.15384615384615385
582 0.14285714285714285
808 0.14285714285714285
3889 0.13333333333333333
706 0.11764705882352941
3094 0.08695652173913043
1892 0.08
1414 0.06060606060606061
2852 0.043478260869565216
2442 0.029850746268656716
1002 0
1016 0
102 0
1022 0
1027 0
1031 0
1034 0
1046 0
1071 0
1096 0
1111 0
1119 0
112 0
1176 0
1206 0
1208 0
1224 0
1233 0
1252 0
1253 0
1262 0
1264 0
1276 0
131 0
1326 0
1346 0
1353 0
1362 0
1372 0
138 0
1383 0
1386 0
1394 0
1403 0
1466 0
147 0
1474 0
1476 0
1486 0
151 0
1521 0
154 0
1546 0
1558 0
157 0
1579 0
1581 0
1586 0
1627 0
1631 0
164 0
1651 0
1657 0
1693 0
1711 0
1762 0
1776 0
1792 0
183 0
1834 0
1854 0
1856 0
189 0
191 0
1967 0
1969 0
201 0
207 0
2079 0
216 0
2167 0
2168 0
218 0
2204 0
221 0
2219 0
2269 0
228 0
233 0
234 0
2382 0
241 0
2431 0
244 0
2441 0
2457 0
247 0
2481 0
2483 0
2517 0
253 0
2541 0
2548 0
256 0
2569 0
2596 0
262 0
264 0
267 0
2671 0
268 0
2691 0
2704 0
2721 0
2722 0
273 0
2736 0
2767 0
2788 0
279 0
2792 0
2799 0
2808 0
2814 0
2817 0
282 0
2824 0
2838 0
2842 0
2857 0
286 0
288 0
2902 0
2922 0
293 0
2952 0
298 0
3003 0
3006 0
3031 0
3037 0
3059 0
306 0
307 0
3071 0
309 0
3091 0
3121 0
3134 0
3143 0
3147 0
3183 0
32 0
321 0
3268 0
327 0
328 0
3282 0
33 0
3317 0
3336 0
336 0
3367 0
3372 0
3376 0
3401 0
3407 0
3408 0
3413 0
3451 0
3453 0
3467 0
3489 0
3494 0
3572 0
358 0
3582 0
3589 0
3597 0
3619 0
3653 0
3668 0
3669 0
3676 0
3686 0
3688 0
3689 0
3691 0
3699 0
3704 0
3709 0
3716 0
3717 0
3729 0
3732 0
3733 0
3744 0
3746 0
3748 0
377 0
3781 0
379 0
3798 0
3801 0
3807 0
3808 0
3811 0
3813 0
384 0
3844 0
3846 0
3853 0
3854 0
3856 0
3864 0
3876 0
3879 0
3897 0
3899 0
3911 0
3922 0
393 0
3939 0
3942 0
3946 0
3953 0
3959 0
3974 0
3978 0
3983 0
3987 0
3992 0
4001 0
4003 0
4006 0
4007 0
401 0
4012 0
4016 0
4018 0
4028 0
4029 0
4032 0
4033 0
4034 0
4036 0
4037 0
42 0
44 0
443 0
447 0
448 0
454 0
46 0
467 0
468 0
47 0
476 0
499 0
52 0
552 0
571 0
572 0
576 0
581 0
586 0
6 0
602 0
607 0
608 0
613 0
624 0
63 0
638 0
64 0
642 0
648 0
652 0
656 0
667 0
668 0
671 0
673 0
674 0
692 0
699 0
71 0
717 0
743 0
744 0
749 0
78 0
801 0
802 0
832 0
841 0
851 0
852 0
854 0
858 0
859 0
86 0
868 0
869 0
873 0
877 0
883 0
884 0
887 0
888 0
891 0
892 0
894 0
899 0
911 0
918 0
928 0
929 0
97 0
996 0
