107 0.380296
428 0.36573
563 0.364888
348 0.339234
414 0.338582
483 0.337932
376 0.335146
1912 0.334615
566 0.33377
484 0.332126
353 0.332057
651 0.331258
58 0.331051
1684 0.330671
1718 0.319217
171 0.318032
1549 0.313876
1577 0.313101
517 0.312637
526 0.31236
366 0.312329
606 0.312083
1173 0.310798
641 0.310677
601 0.309766
1029 0.309584
1536 0.309252
1358 0.309071
1574 0.309011
567 0.308891
1688 0.30847
1179 0.30832
1374 0.30829
1666 0.30817
1534 0.30814
1313 0.30808
1237 0.30802
1692 0.30796
1512 0.307661
1777 0.307453
1114 0.307393
1778 0.307393
1217 0.307333
1408 0.307244
1446 0.307214
1338 0.307095
1109 0.306947
1013 0.306917
1226 0.306887
1687 0.306887
962 0.30665
1808 0.306205
1136 0.306176
363 0.300516
637 0.299098
1663 0.298929
1352 0.298648
1361 0.29817
1126 0.298086
1621 0.297862
1376 0.29761
538 0.297471
1171 0.297415
1522 0.297025
916 0.296802
596 0.296663
1334 0.296525
1086 0.296441
1509 0.296441
1617 0.296192
389 0.295998
921 0.295805
649 0.295722
1618 0.295502
1312 0.295172
1028 0.295089
1182 0.295089
1369 0.295089
1523 0.295007
1782 0.294979
917 0.294979
1327 0.294952
1702 0.294952
1863 0.294733
629 0.294705
1909 0.29465
1911 0.294568
1513 0.294541
1277 0.294459
896 0.294459
1783 0.294431
1626 0.294404
1846 0.294349
1852 0.294349
1458 0.294295
951 0.294295
1487 0.29424
1238 0.294213
1813 0.294213
1604 0.294186
1196 0.294131
1204 0.294131
1769 0.294131
1836 0.294131
1104 0.294104
1616 0.294076
559 0.294022
1598 0.293995
1817 0.29394
1197 0.293913
1014 0.293886
1786 0.293886
1192 0.293831
1128 0.293804
1697 0.293804
1032 0.293749
1871 0.293695
1767 0.293641
1357 0.293559
1844 0.293532
1893 0.293477
513 0.293477
1661 0.29345
1729 0.29345
1742 0.29345
412 0.29345
1897 0.293423
1148 0.293396
1122 0.293369
1373 0.293369
1473 0.293369
1899 0.293342
1882 0.293315
1427 0.293287
1611 0.293287
936 0.293287
1066 0.293233
1694 0.293233
373 0.293233
953 0.293233
1282 0.293206
1673 0.293206
561 0.293206
1261 0.293179
942 0.293179
1158 0.293152
1343 0.293152
1828 0.293125
1349 0.293098
1894 0.293098
1273 0.293043
1677 0.293043
1001 0.293016
1824 0.293016
1018 0.292989
1113 0.292989
1099 0.292962
1514 0.292962
1543 0.292962
1166 0.292908
1396 0.292908
1794 0.292908
1284 0.292881
1744 0.292881
1012 0.292854
1102 0.292854
1454 0.292854
954 0.292854
968 0.292854
976 0.292854
1751 0.292827
1878 0.292827
1318 0.2928
1881 0.2928
1303 0.292773
1732 0.292773
1679 0.292746
1763 0.292692
948 0.292692
1332 0.292665
1606 0.292665
1812 0.292665
553 0.292665
1108 0.292638
1324 0.292611
1382 0.292611
1429 0.292611
1582 0.292611
1706 0.292611
984 0.292611
1309 0.292584
492 0.292584
1142 0.29253
1281 0.29253
374 0.292503
1392 0.292476
1766 0.292476
1848 0.292476
1638 0.292449
1397 0.292422
1508 0.292395
1682 0.292395
391 0.292395
524 0.292368
1529 0.292341
1907 0.292341
1406 0.292314
1464 0.292287
919 0.29226
933 0.292206
1801 0.292152
1223 0.292071
1773 0.292071
1709 0.292018
1294 0.291991
1631 0.291964
497 0.291964
1492 0.291937
913 0.291937
1289 0.29191
1428 0.291856
1074 0.291803
1506 0.291776
1654 0.291749
542 0.291588
419 0.291534
461 0.291507
1011 0.291427
1656 0.291374
1642 0.29132
1526 0.291293
1758 0.29124
1169 0.291186
1422 0.291186
1419 0.291133
1726 0.291106
423 0.290999
604 0.290892
1077 0.290626
591 0.290439
417 0.289723
392 0.289036
416 0.288536
402 0.288195
456 0.287933
1967 0.287151
439 0.287073
683 0.287047
471 0.286891
387 0.286554
451 0.28614
1387 0.281066
1297 0.280817
1486 0.280792
1193 0.280767
904 0.280693
136 0.280395
1888 0.280098
1584 0.279999
1768 0.279406
1199 0.279382
1431 0.279209
1377 0.279136
1078 0.279111
1589 0.279111
1746 0.278988
1827 0.278988
1804 0.27889
1833 0.278767
1367 0.278718
1714 0.278694
1399 0.278669
1559 0.278669
1707 0.278669
1612 0.278645
1613 0.278645
2543 0.278645
1211 0.278474
1471 0.278474
1551 0.278449
993 0.278449
1557 0.2784
1622 0.2784
1391 0.278351
946 0.278351
1839 0.278278
1516 0.278205
1059 0.278156
1184 0.278132
1791 0.278107
1329 0.278083
1554 0.278058
1736 0.278034
1799 0.278034
1017 0.277961
1146 0.277937
1107 0.277912
1879 0.277912
1006 0.277863
1331 0.277863
1603 0.277839
1132 0.277815
1662 0.277815
1793 0.277815
1076 0.27779
1222 0.27779
1447 0.27779
1757 0.277742
1256 0.277717
1717 0.277717
1153 0.277693
1488 0.277669
1669 0.277669
1816 0.277644
1456 0.27762
1864 0.27762
1191 0.277596
1491 0.277596
1416 0.277571
1823 0.277547
1101 0.277523
1668 0.277523
1124 0.277499
1079 0.277474
1467 0.277474
1689 0.277474
1761 0.277474
1267 0.27745
1269 0.27745
1683 0.27745
1902 0.27745
1547 0.277426
1004 0.277401
1117 0.277401
1341 0.277401
1867 0.277377
436 0.277377
947 0.277353
1214 0.277329
1842 0.277329
1849 0.277329
966 0.277329
1049 0.277304
1868 0.277304
1172 0.27728
1752 0.27728
1242 0.277256
1573 0.277256
1619 0.277256
1721 0.277256
1291 0.277232
431 0.277232
438 0.277232
1712 0.277207
1861 0.277207
1302 0.277183
1597 0.277183
1608 0.277183
378 0.277183
1322 0.277159
1809 0.277159
1886 0.277159
1243 0.277135
1459 0.277135
1472 0.277135
1609 0.277135
1563 0.27711
978 0.27711
1344 0.277086
1898 0.277062
1083 0.277038
1149 0.277038
1479 0.277038
1628 0.277038
1741 0.277038
1789 0.277038
1067 0.277014
1163 0.277014
1623 0.277014
1643 0.277014
1826 0.277014
506 0.277014
1156 0.276989
1339 0.276989
1409 0.276989
1048 0.276965
967 0.276965
1583 0.276941
906 0.276917
1591 0.276893
1271 0.276868
1209 0.276844
1449 0.276844
1003 0.27682
1181 0.276796
1483 0.276796
1671 0.276796
997 0.276796
1024 0.276772
1288 0.276772
1637 0.276772
1528 0.276748
952 0.276723
957 0.276723
1227 0.276699
1644 0.276699
1189 0.276675
1699 0.276675
1423 0.276651
1539 0.276651
1716 0.276651
934 0.276651
999 0.276651
1052 0.276627
1198 0.276627
1359 0.276627
1462 0.276627
1819 0.276627
1596 0.276603
544 0.276603
1576 0.276579
1724 0.276579
2111 0.276579
1231 0.276554
1272 0.276554
1388 0.276554
1469 0.276554
1632 0.276554
1652 0.276554
1737 0.276554
1753 0.276554
1129 0.27653
1347 0.27653
1659 0.27653
1876 0.27653
1754 0.276506
1019 0.276482
1402 0.276482
1448 0.276482
1502 0.276482
1636 0.276482
1653 0.276482
1796 0.276482
1054 0.276458
1207 0.276458
1857 0.276458
1026 0.276434
1268 0.276434
1351 0.276434
1444 0.276434
1639 0.276434
1674 0.276434
1041 0.27641
1323 0.27641
1647 0.27641
2007 0.27641
2199 0.27641
982 0.27641
1298 0.276386
1371 0.276386
1393 0.276386
514 0.276386
1538 0.276362
1872 0.276362
1287 0.276337
1366 0.276337
1703 0.276337
927 0.276337
1123 0.276289
1229 0.276289
1548 0.276289
983 0.276289
1047 0.276265
1221 0.276265
1259 0.276265
1426 0.276265
1496 0.276265
1519 0.276265
1614 0.276265
1772 0.276265
2081 0.276265
1056 0.276241
1436 0.276241
1437 0.276241
1082 0.276217
1457 0.276217
1691 0.276217
1859 0.276217
1891 0.276217
2598 0.276217
1877 0.276193
897 0.276193
1021 0.276169
1036 0.276169
1336 0.276169
1507 0.276169
1571 0.276169
1658 0.276169
2054 0.276169
2283 0.276169
963 0.276169
1159 0.276145
1183 0.276145
1348 0.276145
1407 0.276145
1722 0.276145
1811 0.276145
941 0.276145
1292 0.276121
1413 0.276121
1578 0.276121
1727 0.276121
932 0.276121
1009 0.276097
1201 0.276097
1219 0.276097
1257 0.276097
1278 0.276097
1542 0.276097
1379 0.276073
1807 0.276073
2289 0.276073
1037 0.276049
1432 0.276049
1504 0.276049
1587 0.276049
1092 0.276025
1404 0.276025
1482 0.276025
1862 0.276025
2133 0.276025
1314 0.276001
1569 0.276001
1723 0.276001
1734 0.276001
1738 0.276001
1787 0.276001
1837 0.276001
981 0.276001
1681 0.275977
902 0.275977
1068 0.275953
1112 0.275953
1121 0.275953
1279 0.275953
1293 0.275953
1832 0.275953
2336 0.275953
1533 0.275929
2032 0.275929
959 0.275929
1389 0.275905
1398 0.275905
1831 0.275905
1841 0.275905
1051 0.275881
1733 0.275881
2187 0.275881
949 0.275881
1098 0.275857
1873 0.275857
1097 0.275833
1216 0.275833
1258 0.275833
1311 0.275833
1572 0.275833
1806 0.275833
1843 0.275833
1118 0.275809
1317 0.275809
1532 0.275809
1851 0.275809
898 0.275809
1452 0.275785
1524 0.275785
1798 0.275785
1858 0.275785
1903 0.275785
2384 0.275785
901 0.275785
903 0.275785
988 0.275785
1236 0.275761
1296 0.275761
1333 0.275761
1511 0.275761
2068 0.275761
2292 0.275761
1143 0.275737
1378 0.275737
1438 0.275737
1601 0.275737
1624 0.275737
1774 0.275737
1901 0.275737
2511 0.275737
969 0.275737
971 0.275737
1246 0.275713
1316 0.275713
1412 0.275713
1468 0.275713
1541 0.275713
1561 0.275713
1593 0.275713
1649 0.275713
2153 0.275713
2471 0.275713
924 0.275713
989 0.275713
992 0.275713
1137 0.275689
1274 0.275689
944 0.275689
1161 0.275665
1232 0.275665
1283 0.275665
1337 0.275665
1517 0.275665
1553 0.275665
1568 0.275665
1634 0.275665
938 0.275665
1064 0.275641
1081 0.275641
1131 0.275641
1451 0.275641
1853 0.275641
2117 0.275641
1072 0.275617
1319 0.275617
1453 0.275617
1503 0.275617
1567 0.275617
1686 0.275617
1818 0.275617
1884 0.275617
1904 0.275617
1188 0.275593
1304 0.275593
1306 0.275593
1493 0.275593
1497 0.275593
1648 0.275593
1728 0.275593
908 0.275593
973 0.275593
1039 0.275569
1299 0.275569
1441 0.275569
1821 0.275569
922 0.275569
964 0.275569
977 0.275569
994 0.275569
1044 0.275545
1106 0.275545
1307 0.275545
1381 0.275545
1527 0.275545
1592 0.275545
1847 0.275545
1866 0.275545
1908 0.275545
2102 0.275545
958 0.275545
991 0.275545
1116 0.275521
1167 0.275521
1212 0.275521
1286 0.275521
1434 0.275521
1556 0.275521
1564 0.275521
1629 0.275521
1704 0.275521
2463 0.275521
1247 0.275497
1266 0.275497
1321 0.275497
1363 0.275497
1667 0.275497
1678 0.275497
1743 0.275497
1747 0.275497
1803 0.275497
2072 0.275497
2268 0.275497
1058 0.275473
1062 0.275473
1103 0.275473
1139 0.275473
1178 0.275473
1241 0.275473
1439 0.275473
1588 0.275473
1672 0.275473
1764 0.275473
1822 0.275473
1023 0.275449
1063 0.275449
1091 0.275449
1164 0.275449
1356 0.275449
1489 0.275449
1552 0.275449
1566 0.275449
1883 0.275449
507 0.275449
1022 0.275425
1069 0.275425
1421 0.275425
1424 0.275425
1477 0.275425
1481 0.275425
1494 0.275425
1531 0.275425
1594 0.275425
1701 0.275425
1781 0.275425
2224 0.275425
972 0.275425
1144 0.275401
1186 0.275401
1233 0.275401
1418 0.275401
1433 0.275401
1756 0.275401
1779 0.275401
1784 0.275401
1906 0.275401
2071 0.275401
2461 0.275401
2629 0.275401
1174 0.275377
1177 0.275377
1187 0.275377
1249 0.275377
1308 0.275377
1328 0.275377
1476 0.275377
1698 0.275377
1889 0.275377
2649 0.275377
926 0.275377
1031 0.275353
1042 0.275353
1127 0.275353
1138 0.275353
1213 0.275353
1228 0.275353
1234 0.275353
1384 0.275353
1478 0.275353
1537 0.275353
1633 0.275353
1792 0.275353
1829 0.275353
2174 0.275353
2319 0.275353
2491 0.275353
1007 0.275329
1033 0.275329
1484 0.275329
1641 0.275329
1646 0.275329
1719 0.275329
2247 0.275329
408 0.275329
914 0.275329
939 0.275329
1141 0.275306
1499 0.275306
1501 0.275306
1518 0.275306
1676 0.275306
1739 0.275306
1748 0.275306
1869 0.275306
2038 0.275306
923 0.275306
931 0.275306
1088 0.275282
1089 0.275282
1152 0.275282
1218 0.275282
1401 0.275282
1599 0.275282
1771 0.275282
1802 0.275282
1892 0.275282
2189 0.275282
943 0.275282
961 0.275282
1053 0.275258
1084 0.275258
1364 0.275258
1461 0.275258
1544 0.275258
1562 0.275258
1696 0.275258
1749 0.275258
1814 0.275258
1874 0.275258
1887 0.275258
2127 0.275258
956 0.275258
979 0.275258
987 0.275258
1016 0.275234
1043 0.275234
1061 0.275234
1093 0.275234
1094 0.275234
1244 0.275234
1403 0.275234
1463 0.275234
1896 0.275234
909 0.275234
1073 0.27521
1162 0.27521
1202 0.27521
1251 0.27521
1443 0.27521
1602 0.27521
1731 0.27521
2223 0.27521
912 0.27521
974 0.27521
986 0.27521
1008 0.275186
1151 0.275186
1154 0.275186
1342 0.275186
1368 0.275186
1411 0.275186
1414 0.275186
1708 0.275186
1788 0.275186
907 0.275186
928 0.275186
998 0.275186
1087 0.275162
1111 0.275162
1134 0.275162
1168 0.275162
1248 0.275162
1301 0.275162
1372 0.275162
1521 0.275162
1664 0.275162
1838 0.275162
2617 0.275162
1038 0.275138
1057 0.275138
1133 0.275138
1157 0.275138
1203 0.275138
1239 0.275138
1263 0.275138
1346 0.275138
1417 0.275138
1442 0.275138
1498 0.275138
1607 0.275138
1797 0.275138
404 0.275138
937 0.275138
1147 0.275114
1194 0.275114
1354 0.275114
1383 0.275114
1657 0.275114
1713 0.275114
1759 0.275114
1776 0.275114
1856 0.275114
2451 0.275114
929 0.275114
1034 0.275091
1046 0.275091
1071 0.275091
1253 0.275091
1254 0.275091
1264 0.275091
1362 0.275091
1546 0.275091
1579 0.275091
1586 0.275091
1762 0.275091
899 0.275091
1002 0.275067
1027 0.275067
1176 0.275067
1208 0.275067
1224 0.275067
1252 0.275067
1276 0.275067
1326 0.275067
1353 0.275067
1474 0.275067
1627 0.275067
1651 0.275067
1711 0.275067
1854 0.275067
1926 0.275067
996 0.275067
1096 0.275043
1119 0.275043
1206 0.275043
1262 0.275043
1386 0.275043
1394 0.275043
1466 0.275043
1558 0.275043
1581 0.275043
1693 0.275043
1834 0.275043
911 0.275043
918 0.275043
397 0.274971
2143 0.2749
2203 0.2749
2508 0.2749
2138 0.274876
432 0.274876
669 0.274876
2643 0.274852
2436 0.274828
2498 0.274828
1932 0.274804
2042 0.274804
614 0.274804
2183 0.274781
2279 0.274709
427 0.274709
2327 0.274614
444 0.274566
2267 0.274519
2589 0.274495
2302 0.274448
34 0.274448
2264 0.2744
2653 0.274353
482 0.274329
2039 0.274305
2398 0.274281
2254 0.274115
2458 0.274115
2533 0.274044
479 0.274044
2128 0.273997
463 0.273997
2547 0.27395
434 0.273879
473 0.273737
556 0.273642
2472 0.273618
2529 0.273571
2417 0.2735
549 0.272935
2502 0.272841
558 0.272677
512 0.272536
511 0.272256
523 0.272256
594 0.272256
2347 0.272139
634 0.271905
452 0.271812
504 0.271742
546 0.271742
609 0.271649
531 0.271393
676 0.271324
369 0.271254
469 0.271115
503 0.271115
508 0.271091
426 0.271068
442 0.270952
457 0.270952
516 0.270952
357 0.270929
518 0.270906
554 0.270906
449 0.270814
459 0.270744
1941 0.270721
421 0.270721
2328 0.270675
528 0.270675
407 0.270629
569 0.270606
667 0.270582
2047 0.270467
2282 0.270467
543 0.270444
2087 0.270421
2333 0.270421
541 0.270398
477 0.270375
534 0.270329
433 0.270306
527 0.270121
2509 0.270029
2149 0.269937
1947 0.269822
2241 0.269822
2294 0.269822
2468 0.269822
2642 0.269822
2344 0.269799
537 0.269777
2169 0.269662
2052 0.269616
2176 0.269616
2196 0.26957
2419 0.26957
388 0.26957
1948 0.269547
2512 0.269524
2582 0.269501
2028 0.269433
2616 0.269387
2394 0.269364
2246 0.269318
2132 0.269295
1954 0.26925
2588 0.269204
2148 0.269181
2151 0.269158
1916 0.269044
2368 0.269044
2592 0.269021
2144 0.268998
2343 0.268998
2053 0.268861
1959 0.268839
2567 0.268839
2194 0.268793
2338 0.268793
2351 0.268793
2372 0.268725
2597 0.268702
2332 0.268679
2608 0.268611
2198 0.268588
2026 0.268565
2594 0.268565
2273 0.268542
2377 0.268497
2002 0.268406
2399 0.268383
2516 0.268361
2134 0.268338
2191 0.268338
2239 0.26827
2062 0.268111
2101 0.268088
1994 0.267884
2031 0.267862
2003 0.267816
2293 0.267726
646 0.267658
2609 0.267636
2137 0.267613
2519 0.267387
2544 0.267275
2163 0.267252
2389 0.267162
1913 0.267004
2413 0.266982
2298 0.266937
472 0.265952
2838 0.265796
3003 0.265796
173 0.265773
3173 0.261412
2814 0.261132
496 0.259189
422 0.259083
3437 0.258703
269 0.257861
464 0.257735
493 0.257651
394 0.257233
494 0.256983
367 0.256713
1939 0.256463
639 0.256401
487 0.25638
1972 0.256277
2116 0.256215
557 0.256215
1973 0.256194
2171 0.256153
1951 0.256132
198 0.256132
2364 0.256132
446 0.256049
2001 0.256028
2018 0.256028
2284 0.256008
2538 0.255987
2024 0.255966
1998 0.255946
2378 0.255946
2004 0.255904
2447 0.255904
2459 0.255904
1991 0.255884
2009 0.255863
2027 0.255842
2647 0.255842
2583 0.255822
1976 0.255801
2157 0.255719
2636 0.255719
2494 0.255698
2571 0.255636
2337 0.255616
368 0.255616
671 0.255533
409 0.25541
398 0.255368
678 0.25504
584 0.254876
481 0.254753
352 0.254569
587 0.254569
548 0.254487
536 0.254446
488 0.254364
547 0.254324
359 0.254222
462 0.254222
489 0.254222
396 0.254201
2266 0.25414
593 0.254059
679 0.254059
539 0.253998
652 0.253977
673 0.253977
2142 0.253916
586 0.253916
653 0.253916
2233 0.253896
521 0.253896
458 0.253876
354 0.253835
644 0.253835
519 0.253774
361 0.253733
2206 0.253672
413 0.253672
618 0.253672
2229 0.253652
2611 0.253632
474 0.253632
491 0.253632
502 0.253632
2123 0.253591
656 0.253591
2218 0.253571
1983 0.253551
1993 0.253551
2078 0.253551
2507 0.253551
372 0.253551
551 0.253551
592 0.253551
2464 0.25353
424 0.25353
486 0.25353
2244 0.25351
509 0.25351
579 0.25351
2131 0.25349
2602 0.25349
381 0.25349
2088 0.25347
2309 0.25347
2607 0.25347
418 0.25347
2369 0.253429
2604 0.253429
2073 0.253409
2542 0.253409
654 0.253409
663 0.253409
1946 0.253389
2172 0.253389
2324 0.253389
2428 0.253389
362 0.253389
2059 0.253368
2184 0.253368
2188 0.253368
2331 0.253368
2526 0.253368
2118 0.253348
2624 0.253348
666 0.253348
1938 0.253328
1943 0.253328
2103 0.253328
2564 0.253328
403 0.253328
619 0.253328
1917 0.253308
2586 0.253308
636 0.253308
2201 0.253287
2601 0.253287
478 0.253267
597 0.253267
677 0.253267
1962 0.253247
2339 0.253247
2593 0.253247
2064 0.253227
498 0.253227
589 0.253227
617 0.253227
529 0.253206
616 0.253206
1984 0.253186
2409 0.253186
2414 0.253186
2326 0.253166
2043 0.253146
2104 0.253146
2139 0.253146
2354 0.253146
2492 0.253146
533 0.253146
2323 0.253126
2381 0.253126
682 0.253126
1971 0.253105
2093 0.253105
2376 0.253105
2033 0.253085
2356 0.253085
364 0.253085
437 0.253085
522 0.253085
532 0.253085
564 0.253085
631 0.253085
1966 0.253065
2271 0.253065
399 0.253065
429 0.253065
441 0.253065
501 0.253065
568 0.253065
574 0.253065
1979 0.253045
2037 0.253045
2124 0.253045
393 0.253045
466 0.253045
573 0.253045
2278 0.253024
2553 0.253024
349 0.253024
371 0.253024
382 0.253024
476 0.253024
351 0.253004
453 0.252984
657 0.252984
2374 0.252964
2704 0.252964
406 0.252964
467 0.252964
562 0.252964
572 0.252964
2069 0.252944
2638 0.252944
356 0.252944
383 0.252944
384 0.252944
386 0.252944
411 0.252944
454 0.252944
499 0.252944
552 0.252944
571 0.252944
2352 0.252924
2363 0.252924
2404 0.252924
2482 0.252924
377 0.252924
379 0.252924
401 0.252924
443 0.252924
448 0.252924
468 0.252924
2108 0.252903
2257 0.252903
2578 0.252903
358 0.252903
447 0.252903
2074 0.252883
2619 0.252883
2154 0.252863
2423 0.252863
2549 0.252863
684 0.252863
1918 0.252843
2121 0.252843
2559 0.252843
583 0.252843
2551 0.252823
2561 0.252823
578 0.252823
599 0.252823
603 0.252823
623 0.252823
627 0.252823
643 0.252823
658 0.252823
659 0.252823
661 0.252823
662 0.252823
681 0.252823
2253 0.252803
2446 0.252803
577 0.252803
611 0.252803
632 0.252803
664 0.252803
2308 0.252782
582 0.252782
588 0.252782
647 0.252782
2112 0.252762
2408 0.252762
3101 0.252762
598 0.252762
622 0.252762
633 0.252762
612 0.252742
626 0.252742
1986 0.252722
2276 0.252722
2504 0.252702
2573 0.252702
576 0.252702
628 0.252702
1929 0.252682
2299 0.252682
2654 0.252682
621 0.252661
2063 0.252641
2348 0.252641
672 0.252641
2359 0.252621
2433 0.252621
2084 0.252581
2122 0.252581
2546 0.252581
2521 0.252561
581 0.252561
642 0.252561
648 0.252561
2083 0.252541
2307 0.252541
2334 0.252541
602 0.252541
607 0.252541
608 0.252541
613 0.252541
624 0.252541
638 0.252541
668 0.252541
674 0.252541
2646 0.252501
2212 0.25248
2386 0.25248
1997 0.25246
2086 0.25246
2109 0.25246
2539 0.25246
2467 0.25244
3263 0.25244
2216 0.25242
2469 0.25236
2556 0.25236
2484 0.25234
2261 0.252279
2623 0.252279
2077 0.252239
2237 0.252219
2329 0.252199
2418 0.252199
1953 0.252179
2506 0.252179
2046 0.252159
2489 0.252119
119 0.252099
2306 0.252099
2631 0.252099
2056 0.252079
2098 0.252079
2579 0.252079
2869 0.252079
2477 0.252059
2552 0.252059
2563 0.252059
2537 0.251959
2213 0.251939
2478 0.251939
2764 0.251939
2532 0.251919
1964 0.251879
2179 0.251879
2574 0.251879
2434 0.251859
2429 0.251839
2462 0.251799
2591 0.251779
2499 0.251759
2164 0.251739
2554 0.251739
3258 0.251739
2392 0.251699
3111 0.251699
1963 0.251679
2161 0.251679
2353 0.251659
2407 0.251659
2058 0.251639
2313 0.251639
1989 0.251579
2136 0.251579
2501 0.251539
3278 0.251539
2606 0.251519
2883 0.251519
2232 0.251499
2396 0.251499
2391 0.251479
2438 0.251459
2304 0.251439
2979 0.251439
2603 0.251419
2693 0.251399
3222 0.251399
3248 0.251399
2243 0.251339
2287 0.251319
2822 0.251319
3361 0.251319
2536 0.2513
1981 0.25128
3186 0.25128
3289 0.25128
2211 0.25122
2707 0.25122
2259 0.2512
2387 0.2512
1919 0.25118
1927 0.25118
2659 0.25118
1923 0.25116
2006 0.25116
2473 0.25116
2367 0.25114
2518 0.25114
2652 0.25114
2968 0.25114
2226 0.25112
2657 0.25112
2022 0.2511
2202 0.2511
2258 0.2511
2479 0.2511
2222 0.251081
1942 0.251061
2092 0.251061
2126 0.251061
2159 0.251061
2311 0.251061
2449 0.251061
2648 0.251061
2061 0.251041
2576 0.251041
2322 0.251021
1914 0.251001
2057 0.250981
2361 0.250981
2633 0.250981
1921 0.250961
1931 0.250961
2221 0.250961
2147 0.250941
2192 0.250941
2242 0.250941
2476 0.250941
2627 0.250941
2011 0.250922
2231 0.250922
2371 0.250922
2488 0.250922
2639 0.250922
1987 0.250902
2029 0.250902
2067 0.250902
2274 0.250902
2297 0.250902
2317 0.250902
2366 0.250902
2379 0.250902
2393 0.250902
2406 0.250902
1968 0.250882
2049 0.250882
2658 0.250882
1957 0.250862
2097 0.250862
2129 0.250862
2209 0.250862
2234 0.250862
2296 0.250862
2318 0.250862
2397 0.250862
2626 0.250862
2637 0.250862
1999 0.250842
2107 0.250842
2303 0.250842
2411 0.250842
2416 0.250842
2021 0.250822
2346 0.250822
2448 0.250822
1958 0.250803
2214 0.250803
2228 0.250803
2427 0.250803
2432 0.250803
2091 0.250783
2236 0.250783
2342 0.250783
2412 0.250783
2613 0.250783
2628 0.250783
2644 0.250783
1944 0.250763
2044 0.250763
2173 0.250763
2612 0.250763
2023 0.250743
2272 0.250743
2383 0.250743
2497 0.250743
2557 0.250723
1928 0.250703
2141 0.250703
2341 0.250703
2362 0.250703
2443 0.250703
2474 0.250703
2566 0.250703
2581 0.250703
1988 0.250684
2019 0.250684
2089 0.250684
2096 0.250684
2496 0.250684
2558 0.250684
2618 0.250684
1936 0.250664
2036 0.250664
2146 0.250664
2156 0.250664
2249 0.250664
2531 0.250664
2288 0.250644
2401 0.250644
2207 0.250624
2286 0.250624
1952 0.250604
2016 0.250604
2186 0.250604
2208 0.250604
2291 0.250604
2314 0.250604
2454 0.250604
2534 0.250604
2577 0.250604
2584 0.250604
2622 0.250604
1978 0.250584
1982 0.250584
2181 0.250584
2248 0.250584
2402 0.250584
2403 0.250584
2562 0.250584
2572 0.250584
2614 0.250584
2048 0.250565
2082 0.250565
2099 0.250565
2119 0.250565
2152 0.250565
2197 0.250565
2277 0.250565
2349 0.250565
2426 0.250565
2503 0.250565
2523 0.250565
2587 0.250565
2641 0.250565
2656 0.250565
2012 0.250545
2312 0.250545
2486 0.250545
2513 0.250545
2522 0.250545
2599 0.250545
1992 0.250525
2076 0.250525
2162 0.250525
2193 0.250525
2262 0.250525
2357 0.250525
2373 0.250525
2444 0.250525
2453 0.250525
2524 0.250525
2568 0.250525
1922 0.250505
2114 0.250505
2177 0.250505
2252 0.250505
2424 0.250505
1934 0.250485
2013 0.250485
2066 0.250485
2217 0.250485
2316 0.250485
2514 0.250485
1933 0.250466
1949 0.250466
1977 0.250466
2041 0.250466
2051 0.250466
2113 0.250466
2158 0.250466
2421 0.250466
2439 0.250466
2452 0.250466
2456 0.250466
2466 0.250466
2014 0.250446
2034 0.250446
2227 0.250446
2238 0.250446
2251 0.250446
2263 0.250446
2281 0.250446
2301 0.250446
2321 0.250446
2487 0.250446
2528 0.250446
1924 0.250426
1956 0.250426
1961 0.250426
1974 0.250426
2008 0.250426
2017 0.250426
2182 0.250426
2256 0.250426
2388 0.250426
2517 0.250426
2548 0.250426
2621 0.250426
2632 0.250426
2651 0.250426
2094 0.250406
2166 0.250406
2358 0.250406
2422 0.250406
2431 0.250406
2437 0.250406
2493 0.250406
2106 0.250387
2167 0.250387
2204 0.250387
2219 0.250387
2441 0.250387
2634 0.250387
1937 0.250367
1969 0.250367
1996 0.250367
2168 0.250367
2178 0.250367
2442 0.250367
2527 0.250367
2382 0.250347
2481 0.250347
2483 0.250347
2541 0.250347
2079 0.250327
2269 0.250327
2457 0.250327
2569 0.250327
2596 0.250327
2839 0.250209
3363 0.250071
3291 0.250031
2754 0.249992
3082 0.249873
3426 0.249873
2742 0.249854
3397 0.249854
3434 0.249834
2786 0.249775
2944 0.249755
2877 0.249716
2966 0.249716
3232 0.249716
3116 0.249696
3026 0.249677
3051 0.249677
2782 0.249657
2863 0.249657
2951 0.249657
3201 0.249637
2719 0.249618
2986 0.249618
2669 0.249598
2778 0.249598
2956 0.249598
3078 0.249598
3387 0.249598
2793 0.249578
2661 0.249559
2694 0.249519
2716 0.249519
3076 0.249519
2679 0.2495
2738 0.2495
3154 0.2495
3324 0.2495
3417 0.2495
3038 0.24948
2906 0.24946
3104 0.249441
3252 0.249441
2916 0.249421
2927 0.249421
3152 0.249421
2757 0.249402
2777 0.249402
2833 0.249402
3054 0.249402
3198 0.249402
3351 0.249402
2664 0.249362
2676 0.249362
2683 0.249362
2873 0.249362
2849 0.249343
2901 0.249343
3022 0.249343
3132 0.249343
3348 0.249343
2828 0.249323
2867 0.249323
2913 0.249323
2928 0.249323
3033 0.249323
3084 0.249323
3096 0.249323
3226 0.249304
3339 0.249304
3347 0.249304
3396 0.249304
2909 0.249284
2992 0.249284
3049 0.249284
3344 0.249284
3362 0.249284
2866 0.249264
2864 0.249245
2943 0.249245
3002 0.249245
3056 0.249245
3179 0.249245
2748 0.249225
2827 0.249225
2862 0.249225
2904 0.249225
3172 0.249225
3174 0.249225
3277 0.249225
3321 0.249225
2872 0.249206
2919 0.249206
2969 0.249206
2973 0.249206
3027 0.249206
3113 0.249206
2724 0.249186
2939 0.249186
3017 0.249186
3119 0.249186
3214 0.249186
3267 0.249186
3406 0.249186
2674 0.249166
2698 0.249166
3149 0.249166
3284 0.249166
3019 0.249147
3098 0.249147
3182 0.249147
3342 0.249147
2706 0.249127
2781 0.249127
2796 0.249127
2911 0.249127
2994 0.249127
3184 0.249127
3353 0.249127
2666 0.249108
3106 0.249108
2689 0.249088
2729 0.249088
2912 0.249088
2937 0.249088
2991 0.249088
3247 0.249088
3274 0.249088
3299 0.249088
3302 0.249088
2894 0.249068
3256 0.249068
3332 0.249068
3366 0.249068
3433 0.249068
2741 0.249049
2763 0.249049
2946 0.249049
2988 0.249049
3146 0.249049
3293 0.249049
3297 0.249049
3378 0.249049
2853 0.249029
2974 0.249029
2993 0.249029
3064 0.249029
3073 0.249029
3108 0.249029
3169 0.249029
3239 0.249029
3419 0.249029
2773 0.24901
2936 0.24901
3034 0.24901
3117 0.24901
3136 0.24901
3142 0.24901
3162 0.24901
3411 0.24901
2931 0.24899
3004 0.24899
3077 0.24899
3097 0.24899
3233 0.24899
2896 0.248971
3381 0.248971
3416 0.248971
3224 0.248951
3261 0.248951
3384 0.248951
2749 0.248932
2989 0.248932
3052 0.248932
3391 0.248932
2717 0.248912
2897 0.248912
3029 0.248912
3089 0.248912
3204 0.248912
3364 0.248912
2743 0.248893
2787 0.248893
2813 0.248893
3021 0.248893
3047 0.248893
3206 0.248893
3253 0.248893
3327 0.248893
2677 0.248873
2806 0.248873
3087 0.248873
3107 0.248873
3158 0.248873
3188 0.248873
2681 0.248853
2929 0.248853
3137 0.248853
3288 0.248853
2756 0.248834
3072 0.248834
3114 0.248834
3403 0.248834
2758 0.248814
3014 0.248814
3168 0.248814
3257 0.248814
2753 0.248795
2874 0.248795
3102 0.248795
3287 0.248795
3298 0.248795
3386 0.248795
3412 0.248795
2662 0.248775
2881 0.248775
3011 0.248775
3118 0.248775
2958 0.248756
3238 0.248756
3296 0.248756
3301 0.248756
2826 0.248736
2914 0.248736
2921 0.248736
3079 0.248736
3422 0.248736
2887 0.248717
3036 0.248717
3086 0.248717
3166 0.248717
3177 0.248717
3316 0.248717
3369 0.248717
2712 0.248697
2728 0.248697
2772 0.248697
2823 0.248697
3046 0.248697
3057 0.248697
3191 0.248697
3207 0.248697
3272 0.248697
3303 0.248697
3319 0.248697
2672 0.248678
2718 0.248678
2871 0.248678
2932 0.248678
2964 0.248678
2996 0.248678
2999 0.248678
3178 0.248678
3196 0.248678
2854 0.248658
2953 0.248658
2976 0.248658
3001 0.248658
3234 0.248658
3331 0.248658
2668 0.248639
2673 0.248639
2711 0.248639
2751 0.248639
2841 0.248639
2977 0.248639
3023 0.248639
3129 0.248639
3212 0.248639
3228 0.248639
3399 0.248639
2708 0.248619
2924 0.248619
3213 0.248619
3313 0.248619
3346 0.248619
2761 0.2486
2829 0.2486
2836 0.2486
3016 0.2486
3219 0.2486
3304 0.2486
3377 0.2486
2713 0.24858
2731 0.24858
2768 0.24858
2783 0.24858
2938 0.24858
3062 0.24858
3123 0.24858
3148 0.24858
3164 0.24858
3237 0.24858
3341 0.24858
2907 0.248561
3187 0.248561
3203 0.248561
2684 0.248541
2739 0.248541
2797 0.248541
2832 0.248541
3018 0.248541
3176 0.248541
3262 0.248541
3264 0.248541
3273 0.248541
3379 0.248541
3394 0.248541
2701 0.248522
2784 0.248522
2984 0.248522
2987 0.248522
3193 0.248522
3221 0.248522
3231 0.248522
3243 0.248522
3286 0.248522
2812 0.248502
2843 0.248502
2892 0.248502
2908 0.248502
3007 0.248502
3041 0.248502
3124 0.248502
3259 0.248502
3279 0.248502
2663 0.248483
2702 0.248483
2733 0.248483
2846 0.248483
2891 0.248483
3081 0.248483
3294 0.248483
3306 0.248483
2686 0.248463
2734 0.248463
2759 0.248463
2948 0.248463
2967 0.248463
2981 0.248463
3223 0.248463
3337 0.248463
2667 0.248444
2819 0.248444
2844 0.248444
3211 0.248444
3421 0.248444
3431 0.248444
2737 0.248424
2779 0.248424
2848 0.248424
2868 0.248424
2978 0.248424
3013 0.248424
3039 0.248424
3199 0.248424
3209 0.248424
3236 0.248424
3318 0.248424
3329 0.248424
3356 0.248424
3414 0.248424
3432 0.248424
2687 0.248405
2703 0.248405
2794 0.248405
2803 0.248405
2851 0.248405
2941 0.248405
2949 0.248405
3009 0.248405
3042 0.248405
3103 0.248405
3139 0.248405
3163 0.248405
3171 0.248405
3276 0.248405
3309 0.248405
2762 0.248385
2789 0.248385
2807 0.248385
2858 0.248385
2859 0.248385
2889 0.248385
2903 0.248385
2918 0.248385
2959 0.248385
2962 0.248385
2972 0.248385
3032 0.248385
3068 0.248385
3069 0.248385
3093 0.248385
3192 0.248385
3241 0.248385
3359 0.248385
3373 0.248385
3382 0.248385
3393 0.248385
2726 0.248366
2771 0.248366
2809 0.248366
2831 0.248366
2856 0.248366
2879 0.248366
2917 0.248366
2947 0.248366
2971 0.248366
3008 0.248366
3138 0.248366
3189 0.248366
3208 0.248366
3283 0.248366
3314 0.248366
3383 0.248366
3404 0.248366
3423 0.248366
2744 0.248347
2818 0.248347
2876 0.248347
2934 0.248347
2982 0.248347
2983 0.248347
3043 0.248347
3157 0.248347
3307 0.248347
3326 0.248347
3409 0.248347
2682 0.248327
2696 0.248327
2697 0.248327
2746 0.248327
2933 0.248327
2957 0.248327
3024 0.248327
3048 0.248327
3058 0.248327
3066 0.248327
3109 0.248327
3144 0.248327
3194 0.248327
3242 0.248327
3249 0.248327
3312 0.248327
3328 0.248327
3371 0.248327
3374 0.248327
3392 0.248327
3402 0.248327
2678 0.248308
2699 0.248308
2766 0.248308
2821 0.248308
2888 0.248308
2954 0.248308
3151 0.248308
3167 0.248308
3229 0.248308
3343 0.248308
3357 0.248308
2837 0.248288
2847 0.248288
2861 0.248288
2878 0.248288
2923 0.248288
2961 0.248288
2997 0.248288
3028 0.248288
3061 0.248288
3067 0.248288
3092 0.248288
3128 0.248288
3133 0.248288
3202 0.248288
3244 0.248288
3349 0.248288
2688 0.248269
2723 0.248269
2747 0.248269
2804 0.248269
2816 0.248269
2882 0.248269
2886 0.248269
3083 0.248269
3088 0.248269
3099 0.248269
3141 0.248269
3246 0.248269
3254 0.248269
3281 0.248269
3311 0.248269
3352 0.248269
3418 0.248269
2791 0.248249
2802 0.248249
2852 0.248249
2893 0.248249
2898 0.248249
2926 0.248249
2942 0.248249
3053 0.248249
3063 0.248249
3112 0.248249
3126 0.248249
3153 0.248249
3156 0.248249
3292 0.248249
3308 0.248249
3322 0.248249
3334 0.248249
3338 0.248249
3358 0.248249
3367 0.248249
3388 0.248249
3427 0.248249
3428 0.248249
2709 0.24823
2727 0.24823
2769 0.24823
2834 0.24823
3012 0.24823
3122 0.24823
3197 0.24823
3218 0.24823
3266 0.24823
3336 0.24823
3354 0.24823
3368 0.24823
3376 0.24823
3389 0.24823
3398 0.24823
3401 0.24823
3424 0.24823
2671 0.24821
2721 0.24821
2732 0.24821
2752 0.24821
2799 0.24821
2801 0.24821
2824 0.24821
2899 0.24821
3091 0.24821
3131 0.24821
3181 0.24821
3216 0.24821
3251 0.24821
3323 0.24821
3436 0.24821
2692 0.248191
2736 0.248191
2767 0.248191
2774 0.248191
2776 0.248191
2811 0.248191
2884 0.248191
2902 0.248191
3044 0.248191
3074 0.248191
3094 0.248191
3127 0.248191
3159 0.248191
3217 0.248191
3227 0.248191
3269 0.248191
3271 0.248191
3317 0.248191
3333 0.248191
3372 0.248191
2817 0.248172
2963 0.248172
3147 0.248172
3429 0.248172
2691 0.248152
2714 0.248152
2792 0.248152
2798 0.248152
2808 0.248152
2998 0.248152
3037 0.248152
3059 0.248152
3121 0.248152
3161 0.248152
3413 0.248152
2722 0.248133
2788 0.248133
2922 0.248133
2952 0.248133
3006 0.248133
3134 0.248133
3143 0.248133
3268 0.248133
3282 0.248133
3407 0.248133
3408 0.248133
2842 0.248113
2857 0.248113
3031 0.248113
3071 0.248113
3183 0.248113
217 0.247513
3861 0.246857
3454 0.246781
3487 0.246723
3723 0.246704
3961 0.246685
189 0.245462
64 0.245462
67 0.234912
21 0.234739
122 0.234669
339 0.23389
56 0.233769
324 0.232791
146 0.232058
163 0.227642
329 0.225344
304 0.224229
308 0.223628
322 0.223564
213 0.22292
7 0.22292
169 0.222544
103 0.221859
246 0.221704
87 0.221704
156 0.221564
202 0.216821
4031 0.214707
3989 0.214329
4011 0.214228
277 0.213377
252 0.213191
109 0.21289
313 0.212818
82 0.212547
271 0.212362
26 0.212277
332 0.212177
9 0.212163
203 0.212149
239 0.212135
166 0.212036
98 0.212021
188 0.211936
199 0.211922
113 0.211781
342 0.211766
13 0.211752
323 0.211752
248 0.211738
128 0.211611
297 0.211583
261 0.211512
148 0.21147
331 0.211287
1 0.211258
132 0.211258
39 0.211104
79 0.211104
176 0.210921
318 0.210907
48 0.210571
698 0.209777
27 0.209624
862 0.207742
857 0.207606
3938 0.206161
3596 0.206135
3604 0.206054
3684 0.205987
3633 0.205974
3948 0.205907
3756 0.205894
3838 0.205894
3456 0.20588
3877 0.20588
3577 0.205853
3851 0.205853
3611 0.20584
3793 0.20584
3677 0.205827
3521 0.205813
3584 0.205813
3593 0.205813
3501 0.2058
3506 0.205787
3824 0.205787
3906 0.205773
3449 0.20576
3734 0.20576
3586 0.205747
3758 0.205747
3797 0.205747
3966 0.205747
3448 0.205733
3924 0.205733
3968 0.205733
3488 0.20572
3672 0.20572
3804 0.20572
3971 0.20572
3902 0.205707
3558 0.205693
3873 0.205693
3842 0.20568
3926 0.20568
3442 0.205667
3576 0.205667
3692 0.205667
3951 0.205667
3794 0.205653
3962 0.205653
3514 0.20564
3529 0.20564
3568 0.20564
3731 0.20564
3737 0.20564
3829 0.20564
3833 0.20564
3947 0.20564
3674 0.205627
3702 0.205627
3826 0.205613
3884 0.205613
3918 0.205613
3528 0.2056
3542 0.2056
3617 0.2056
3738 0.2056
3782 0.2056
3841 0.2056
3869 0.2056
3486 0.205586
3553 0.205586
3651 0.205586
3693 0.205586
3711 0.205586
3721 0.205586
3822 0.205586
3464 0.205573
3559 0.205573
3609 0.205573
3629 0.205573
3722 0.205573
3858 0.205573
3468 0.20556
3557 0.20556
3569 0.20556
3687 0.20556
3469 0.205547
3518 0.205547
3718 0.205547
3764 0.205547
3821 0.205547
3828 0.205547
3886 0.205547
3969 0.205547
3463 0.205533
3466 0.205533
3526 0.205533
3599 0.205533
3714 0.205533
3728 0.205533
3831 0.205533
3891 0.205533
3438 0.20552
3497 0.20552
3509 0.20552
3706 0.20552
3719 0.20552
3852 0.20552
3921 0.20552
3943 0.20552
3956 0.20552
3491 0.205507
3527 0.205507
3628 0.205507
3643 0.205507
3648 0.205507
3707 0.205507
3896 0.205507
3909 0.205507
3443 0.205493
3458 0.205493
3462 0.205493
3471 0.205493
3508 0.205493
3534 0.205493
3573 0.205493
3713 0.205493
3753 0.205493
3768 0.205493
3836 0.205493
3927 0.205493
3933 0.205493
3499 0.20548
3511 0.20548
3538 0.20548
3554 0.20548
3578 0.20548
3601 0.20548
3634 0.20548
3656 0.20548
3667 0.20548
3697 0.20548
3747 0.20548
3761 0.20548
3779 0.20548
3791 0.20548
3803 0.20548
3903 0.20548
3931 0.20548
3493 0.205467
3517 0.205467
3618 0.205467
3623 0.205467
3636 0.205467
3642 0.205467
3743 0.205467
3786 0.205467
3866 0.205467
3867 0.205467
3907 0.205467
3452 0.205453
3473 0.205453
3591 0.205453
3646 0.205453
3741 0.205453
3752 0.205453
3868 0.205453
3972 0.205453
3474 0.20544
3496 0.20544
3546 0.20544
3563 0.20544
3564 0.20544
3612 0.20544
3658 0.20544
3662 0.20544
3683 0.20544
3698 0.20544
3757 0.20544
3759 0.20544
3762 0.20544
3774 0.20544
3776 0.20544
3792 0.20544
3837 0.20544
3862 0.20544
3881 0.20544
3898 0.20544
3957 0.20544
3478 0.205427
3479 0.205427
3484 0.205427
3519 0.205427
3524 0.205427
3532 0.205427
3562 0.205427
3571 0.205427
3579 0.205427
3587 0.205427
3592 0.205427
3613 0.205427
3627 0.205427
3649 0.205427
3726 0.205427
3739 0.205427
3799 0.205427
3809 0.205427
3818 0.205427
3823 0.205427
3874 0.205427
3883 0.205427
3889 0.205427
3912 0.205427
3917 0.205427
3976 0.205427
3476 0.205413
3481 0.205413
3498 0.205413
3516 0.205413
3523 0.205413
3533 0.205413
3549 0.205413
3567 0.205413
3602 0.205413
3608 0.205413
3616 0.205413
3621 0.205413
3624 0.205413
3708 0.205413
3784 0.205413
3802 0.205413
3892 0.205413
3929 0.205413
3937 0.205413
3964 0.205413
3967 0.205413
3459 0.2054
3472 0.2054
3483 0.2054
3536 0.2054
3561 0.2054
3574 0.2054
3581 0.2054
3622 0.2054
3638 0.2054
3657 0.2054
3696 0.2054
3701 0.2054
3703 0.2054
3778 0.2054
3788 0.2054
3817 0.2054
3819 0.2054
3913 0.2054
3482 0.205387
3541 0.205387
3547 0.205387
3556 0.205387
3594 0.205387
3626 0.205387
3631 0.205387
3639 0.205387
3679 0.205387
3736 0.205387
3763 0.205387
3769 0.205387
3773 0.205387
3847 0.205387
3872 0.205387
3919 0.205387
3944 0.205387
3949 0.205387
3979 0.205387
3439 0.205373
3503 0.205373
3644 0.205373
3663 0.205373
3668 0.205373
3766 0.205373
3777 0.205373
3783 0.205373
3857 0.205373
3863 0.205373
3446 0.20536
3492 0.20536
3512 0.20536
3531 0.20536
3583 0.20536
3598 0.20536
3647 0.20536
3654 0.20536
3671 0.20536
3682 0.20536
3712 0.20536
3767 0.20536
3796 0.20536
3878 0.20536
3888 0.20536
3901 0.20536
3932 0.20536
3934 0.20536
3973 0.20536
3504 0.205347
3507 0.205347
3522 0.205347
3539 0.205347
3543 0.205347
3548 0.205347
3566 0.205347
3572 0.205347
3603 0.205347
3607 0.205347
3614 0.205347
3659 0.205347
3664 0.205347
3666 0.205347
3681 0.205347
3716 0.205347
3754 0.205347
3789 0.205347
3814 0.205347
3832 0.205347
3834 0.205347
3871 0.205347
3876 0.205347
3894 0.205347
3904 0.205347
3914 0.205347
3958 0.205347
3441 0.205333
3461 0.205333
3502 0.205333
3513 0.205333
3551 0.205333
3641 0.205333
3661 0.205333
3724 0.205333
3772 0.205333
3812 0.205333
3827 0.205333
3848 0.205333
3899 0.205333
3923 0.205333
3963 0.205333
3444 0.20532
3447 0.20532
3457 0.20532
3477 0.20532
3632 0.20532
3652 0.20532
3669 0.20532
3678 0.20532
3727 0.20532
3742 0.20532
3749 0.20532
3751 0.20532
3771 0.20532
3806 0.20532
3813 0.20532
3839 0.20532
3843 0.20532
3844 0.20532
3849 0.20532
3859 0.20532
3864 0.20532
3893 0.20532
3908 0.20532
3911 0.20532
3916 0.20532
3936 0.20532
3941 0.20532
3977 0.20532
3537 0.205307
3544 0.205307
3552 0.205307
3606 0.205307
3637 0.205307
3694 0.205307
3787 0.205307
3887 0.205307
3897 0.205307
3939 0.205307
3952 0.205307
3954 0.205307
3489 0.205294
3582 0.205294
3588 0.205294
3597 0.205294
3653 0.205294
3673 0.205294
3676 0.205294
3689 0.205294
3699 0.205294
3733 0.205294
3781 0.205294
3811 0.205294
3816 0.205294
3882 0.205294
3928 0.205294
3946 0.205294
3467 0.20528
3494 0.20528
3589 0.20528
3686 0.20528
3688 0.20528
3704 0.20528
3717 0.20528
3744 0.20528
3746 0.20528
3801 0.20528
3807 0.20528
3808 0.20528
3846 0.20528
3854 0.20528
3879 0.20528
3922 0.20528
3942 0.20528
3953 0.20528
3959 0.20528
3978 0.20528
3451 0.205267
3453 0.205267
3619 0.205267
3691 0.205267
3709 0.205267
3729 0.205267
3732 0.205267
3748 0.205267
3798 0.205267
3853 0.205267
3856 0.205267
3974 0.205267
81 0.204763
249 0.203999
54 0.20285
208 0.202708
229 0.202229
291 0.194404
272 0.193762
172 0.193585
72 0.19329
231 0.193254
204 0.192902
184 0.192784
57 0.192773
31 0.19269
284 0.192632
197 0.19255
196 0.192538
142 0.192258
236 0.192235
53 0.192223
178 0.192177
84 0.192165
242 0.19213
224 0.192037
106 0.191816
276 0.191793
186 0.191526
161 0.191434
118 0.191422
168 0.191422
334 0.191341
158 0.19133
104 0.191318
141 0.191272
232 0.191261
134 0.191237
338 0.191203
88 0.191203
211 0.191191
62 0.191134
223 0.191111
303 0.191111
66 0.191019
133 0.19095
212 0.19095
257 0.190904
238 0.190892
341 0.190892
123 0.190869
129 0.190869
159 0.1908
38 0.190743
258 0.19072
59 0.190651
22 0.190594
127 0.190582
69 0.190548
281 0.190513
121 0.190502
222 0.190502
3 0.190468
108 0.190433
251 0.190388
63 0.190376
344 0.190353
347 0.190285
274 0.190273
96 0.19025
221 0.189772
207 0.189738
298 0.189727
126 0.189613
152 0.189489
317 0.189251
301 0.188632
16 0.185421
346 0.184568
302 0.184107
299 0.184097
92 0.184065
194 0.184043
4023 0.177073
4038 0.176945
4002 0.176905
4004 0.176846
4013 0.176836
4027 0.176767
3991 0.17658
314 0.176178
29 0.176041
268 0.175972
311 0.175846
294 0.175709
686 0.175612
77 0.175001
73 0.174933
828 0.174914
713 0.174847
234 0.174818
719 0.174779
747 0.174712
823 0.174702
288 0.174673
697 0.174664
703 0.174625
856 0.174596
774 0.174577
819 0.174567
708 0.17451
804 0.174452
729 0.174423
772 0.174423
753 0.174414
769 0.174414
803 0.174404
776 0.174375
811 0.174366
798 0.174356
869 0.173478
868 0.173393
889 0.173393
863 0.173383
876 0.173383
861 0.173374
878 0.173374
888 0.173365
882 0.173355
886 0.173308
871 0.173298
864 0.173289
893 0.173289
867 0.17327
872 0.17326
874 0.17326
873 0.173251
879 0.173251
881 0.173251
887 0.173251
866 0.173241
858 0.173232
877 0.173232
884 0.173232
894 0.173232
859 0.173213
883 0.173213
891 0.173213
892 0.173213
254 0.170127
266 0.170118
101 0.170072
94 0.170063
24 0.16999
187 0.169853
286 0.169781
237 0.162605
51 0.162605
83 0.162605
117 0.161998
139 0.161858
206 0.161808
36 0.161627
309 0.161618
191 0.161068
283 0.160652
164 0.160351
336 0.160351
183 0.160173
228 0.159931
181 0.159232
4 0.159232
47 0.158539
3998 0.150501
3982 0.150486
4014 0.150479
3997 0.150451
3994 0.150436
4009 0.150422
3981 0.150386
4018 0.150365
4003 0.150358
4034 0.150294
3996 0.150279
3993 0.150215
4006 0.150073
4032 0.150073
824 0.149563
247 0.149549
688 0.149549
728 0.149521
694 0.149514
724 0.149514
781 0.149514
827 0.149493
853 0.149465
687 0.149458
784 0.149458
849 0.149458
834 0.14945
752 0.149443
773 0.149443
829 0.149429
842 0.149429
807 0.149422
726 0.149415
766 0.149415
838 0.149415
696 0.149401
739 0.149401
764 0.149401
787 0.149401
797 0.149394
718 0.149387
754 0.149387
727 0.14938
782 0.14938
731 0.149373
738 0.149366
814 0.149366
817 0.149366
847 0.149366
848 0.149366
734 0.149359
763 0.149359
701 0.149352
758 0.149352
793 0.149352
792 0.149345
711 0.149338
748 0.149338
809 0.149338
833 0.149338
768 0.149331
777 0.149331
779 0.149331
783 0.149331
818 0.149331
822 0.149331
839 0.149331
709 0.149324
712 0.149324
714 0.149324
732 0.149324
736 0.149324
771 0.149324
778 0.149324
789 0.149324
806 0.149324
693 0.149317
706 0.149317
741 0.149317
742 0.149317
722 0.14931
843 0.14931
707 0.149303
737 0.149303
826 0.149303
831 0.149303
836 0.149303
844 0.149303
716 0.149296
723 0.149296
746 0.149296
756 0.149296
759 0.149296
762 0.149296
786 0.149296
794 0.149296
821 0.149296
837 0.149296
689 0.149289
751 0.149289
767 0.149289
813 0.149289
816 0.149289
702 0.149282
733 0.149282
791 0.149282
796 0.149282
799 0.149282
812 0.149282
691 0.149275
808 0.149275
721 0.149268
761 0.149268
802 0.149268
704 0.149261
788 0.149261
846 0.149261
717 0.149253
743 0.149253
757 0.149253
851 0.149253
852 0.149253
854 0.149253
699 0.149246
744 0.149246
749 0.149246
832 0.149246
692 0.149239
801 0.149239
841 0.149239
23 0.140533
218 0.137271
273 0.137271
306 0.137271
328 0.137271
78 0.137271
4021 0.13083
3986 0.130787
4019 0.130782
4017 0.13076
4026 0.13076
4037 0.130744
3988 0.130733
3999 0.130717
4028 0.130539
227 0.123438
116 0.123429
144 0.123414
99 0.12329
61 0.123179
124 0.123132
267 0.123122
4033 0.115576
3983 0.115555
3992 0.115555
4036 0.115522
19 0.11009
312 0.110067
41 0.110059
343 0.110036
214 0.110032
17 0.110021
326 0.109956
14 0.109929
226 0.109926
149 0.109918
28 0.109918
2 0.109903
151 0.109899
162 0.109899
143 0.109834
177 0.109834
278 0.10983
68 0.109827
131 0.109823
263 0.109815
296 0.109815
102 0.109811
86 0.109811
193 0.109633
157 0.109557
289 0.099163
137 0.099151
111 0.099144
319 0.099144
89 0.099144
243 0.099126
337 0.09912
174 0.099117
112 0.099113
293 0.099113
44 0.099113
93 0.099113
138 0.09911
333 0.099101
262 0.099092
46 0.098912
321 0.098903
259 0.098758
8 0.098758
91 0.098758
167 0.090168
219 0.090163
32 0.090163
147 0.090161
6 0.090161
327 0.090153
279 0.090151
216 0.090135
201 0.089836
264 0.089836
154 0.082663
182 0.000934
192 0.000934
49 0.000934
233 0.000622
241 0.000622
244 0.000622
253 0.000622
256 0.000622
282 0.000622
307 0.000622
33 0.000622
3987 0.000622
4001 0.000622
4007 0.000622
4012 0.000622
4016 0.000622
4029 0.000622
42 0.000622
52 0.000622
71 0.000622
97 0.000622
