3437 0.009194
107 0.008154
1684 0.007437
1912 0.004602
686 0.00279
348 0.002484
414 0.002159
483 0.001481
698 0.001317
376 0.001131
2047 0.001079
271 0.001012
4023 0.000978
1584 0.000958
2863 0.000955
1199 0.000937
517 0.000929
122 0.0009
1589 0.000887
3434 0.000878
828 0.000878
1746 0.000869
1469 0.000858
2716 0.000857
1399 0.000845
1559 0.00084
304 0.00084
563 0.00084
2944 0.000836
917 0.000836
3793 0.000833
3877 0.000829
3198 0.000822
312 0.000821
3038 0.00082
1888 0.000819
3584 0.000818
566 0.000817
747 0.000811
3998 0.00081
412 0.00081
56 0.00081
1783 0.000809
2313 0.000806
9 0.0008
561 0.000797
2661 0.000795
713 0.000795
1204 0.000792
3596 0.000788
1761 0.000786
1059 0.000781
119 0.000781
3214 0.00078
19 0.000779
2199 0.000779
3938 0.000778
3829 0.000776
3604 0.000773
1104 0.000772
2289 0.000769
1786 0.000768
89 0.000766
171 0.000762
2966 0.000762
2951 0.000761
1431 0.000759
2901 0.000759
1663 0.000756
2328 0.000756
1352 0.000755
4027 0.000754
3302 0.000753
1459 0.000752
637 0.000751
3027 0.000745
1876 0.000744
3397 0.000744
651 0.000744
67 0.000744
1014 0.000743
1472 0.000743
2282 0.000742
2142 0.000741
3291 0.00074
322 0.000739
3501 0.000738
428 0.000738
3252 0.000735
3442 0.000733
3017 0.000731
2782 0.000729
1554 0.000728
3538 0.000728
697 0.000727
1184 0.000725
2543 0.000724
326 0.000723
98 0.00072
1831 0.000718
3586 0.000718
214 0.000717
3558 0.000717
3824 0.000716
827 0.000714
1604 0.000712
1736 0.000711
438 0.000709
2087 0.000705
363 0.000705
1871 0.000698
261 0.000697
116 0.000696
1329 0.000696
506 0.000695
3684 0.000694
3113 0.000693
2268 0.000692
3101 0.000692
21 0.00069
719 0.00069
374 0.000689
256 0.000688
3107 0.000688
42 0.000687
1086 0.000686
2347 0.000686
3084 0.000684
3353 0.000684
3987 0.000684
3902 0.000683
3568 0.000682
1669 0.000679
2068 0.000679
3256 0.000678
2839 0.000676
1509 0.000675
1791 0.000673
3274 0.000673
544 0.000672
1159 0.00067
136 0.00067
1574 0.00067
2509 0.00067
2526 0.00067
2742 0.00067
1504 0.000669
1124 0.000667
1768 0.000666
2123 0.000666
3633 0.000666
3672 0.000666
1703 0.000665
259 0.000665
3737 0.000665
8 0.000665
3082 0.000664
3369 0.000664
186 0.000662
867 0.000662
3231 0.00066
2038 0.000659
1827 0.000658
3948 0.000655
2558 0.000653
3464 0.000652
1259 0.00065
1269 0.000649
26 0.000649
3799 0.000648
2131 0.000647
3804 0.000647
1721 0.000646
2676 0.000646
2218 0.000645
3469 0.000645
1816 0.000643
2309 0.000642
252 0.000641
2102 0.00064
3182 0.00064
3756 0.00064
2464 0.000639
1079 0.000636
2327 0.000636
1479 0.000633
2973 0.000633
1214 0.000632
2777 0.000632
824 0.000632
1126 0.000629
3363 0.000629
3348 0.000628
342 0.000628
1277 0.000627
1377 0.000627
2932 0.000627
2174 0.000626
277 0.000626
1966 0.000625
2592 0.000625
2787 0.00062
2927 0.00062
1004 0.000619
2143 0.000619
3917 0.000619
249 0.000618
2059 0.000616
1536 0.000615
2118 0.000615
353 0.000615
1973 0.000614
231 0.000612
2339 0.000612
3721 0.000611
3947 0.000611
3022 0.00061
3034 0.00061
3226 0.00061
41 0.00061
2601 0.000609
3154 0.000609
1804 0.000608
211 0.000608
2247 0.000608
896 0.000607
3747 0.000606
484 0.000605
1334 0.000604
1624 0.000604
513 0.000604
1549 0.000603
3419 0.000603
366 0.000603
373 0.000603
636 0.000603
1947 0.000601
2827 0.000599
3521 0.000599
369 0.000599
822 0.000599
1189 0.000598
2754 0.000597
1621 0.000596
2127 0.000596
3912 0.000596
2326 0.000595
2553 0.000595
3089 0.000595
3204 0.000595
422 0.000593
842 0.000593
1029 0.000592
2104 0.000592
404 0.000591
1709 0.00059
752 0.00059
2354 0.000589
653 0.000589
1569 0.000588
924 0.000587
3116 0.000586
3927 0.000586
1613 0.000585
2381 0.000585
1109 0.000584
1339 0.000584
1619 0.000584
203 0.000583
3051 0.000583
712 0.000583
219 0.000582
2384 0.000582
2937 0.000582
3662 0.000582
732 0.000582
1612 0.000581
1534 0.00058
2271 0.00058
2617 0.00058
556 0.00058
1409 0.000579
1861 0.000578
3297 0.000578
1886 0.000577
444 0.000577
3394 0.000576
3838 0.000575
2772 0.000574
3426 0.000574
606 0.000574
1149 0.000573
1376 0.000573
559 0.000573
1716 0.000572
3506 0.000572
3892 0.000572
3918 0.000572
3982 0.00057
1471 0.000569
618 0.000569
1078 0.000568
17 0.000568
2666 0.000568
3169 0.000568
3677 0.000568
2074 0.000567
2638 0.000567
2719 0.000567
3593 0.000567
3624 0.000567
2257 0.000566
1714 0.000565
1741 0.000565
2018 0.000565
553 0.000565
597 0.000565
2853 0.000563
2989 0.000563
1577 0.000562
2659 0.000562
954 0.000562
1707 0.00056
2994 0.00056
694 0.000559
872 0.000559
1551 0.000558
538 0.000557
2698 0.000556
2778 0.000556
3118 0.000556
3758 0.000556
944 0.000556
2793 0.000555
3264 0.000555
862 0.000555
1391 0.000554
1919 0.000554
2154 0.000554
2949 0.000554
1064 0.000553
1349 0.000553
1833 0.000553
1099 0.000552
2533 0.000552
33 0.000552
4012 0.000552
182 0.000551
1941 0.000551
1986 0.000551
2111 0.000551
233 0.000551
2001 0.00055
3819 0.00055
787 0.000549
239 0.000548
1344 0.000547
2133 0.000547
3553 0.000547
3577 0.000547
3809 0.000547
678 0.000547
687 0.000547
1338 0.000546
3111 0.000546
319 0.000546
592 0.000546
1211 0.000545
2394 0.000544
2436 0.000544
2741 0.000543
2912 0.000543
2266 0.000542
3188 0.000542
516 0.000542
2488 0.000541
1691 0.000539
299 0.000539
3219 0.000539
3257 0.000539
199 0.000538
3064 0.000538
3611 0.000538
1 0.000537
1049 0.000537
2654 0.000537
3002 0.000537
3456 0.000537
2786 0.000536
3528 0.000536
946 0.000536
1634 0.000535
2378 0.000535
3026 0.000535
526 0.000535
1009 0.000534
3609 0.000534
3657 0.000534
431 0.000534
1751 0.000532
1826 0.000532
2368 0.000532
1024 0.000531
3076 0.000531
1129 0.00053
1367 0.00053
1622 0.00053
797 0.00053
128 0.000529
1366 0.000529
2348 0.000529
4031 0.000529
684 0.000529
964 0.000529
2007 0.000528
1529 0.000527
3001 0.000526
1454 0.000525
2081 0.000525
2412 0.000525
1359 0.000524
1609 0.000524
2359 0.000524
1449 0.000523
2231 0.000523
4013 0.000523
504 0.000523
1019 0.000522
332 0.000522
1932 0.000521
2738 0.000521
1644 0.00052
2521 0.00052
2978 0.00052
3077 0.00052
3158 0.00052
1591 0.000519
823 0.000519
2478 0.000518
2646 0.000518
2896 0.000517
3529 0.000517
2202 0.000516
3152 0.000516
3327 0.000516
564 0.000516
2086 0.000515
2472 0.000515
3719 0.000513
1284 0.000512
1374 0.000512
1718 0.000512
2751 0.000512
28 0.000512
3752 0.000512
172 0.000511
272 0.000511
887 0.00051
3628 0.000509
2283 0.000508
1289 0.000507
2598 0.000507
2843 0.000507
3384 0.000507
3851 0.000507
3968 0.000507
2539 0.000506
2647 0.000506
3906 0.000506
999 0.000506
1557 0.000505
1659 0.000505
3714 0.000505
3738 0.000505
1881 0.000503
2151 0.000503
3518 0.000503
603 0.000503
643 0.000503
1839 0.000502
2837 0.000502
3263 0.000502
727 0.000502
2683 0.000501
3989 0.000501
567 0.0005
993 0.0005
3969 0.000499
1539 0.000498
1706 0.000498
3364 0.000498
3932 0.000497
579 0.000497
1179 0.000496
1813 0.000496
1639 0.000494
2109 0.000494
2959 0.000494
3474 0.000494
2191 0.000493
1964 0.000492
2724 0.000492
3087 0.000492
3201 0.000492
497 0.000492
934 0.000492
1369 0.000491
1379 0.000491
2399 0.000491
2448 0.000491
2459 0.000491
1209 0.00049
551 0.00049
623 0.00049
817 0.00049
1304 0.000489
3647 0.000489
781 0.000489
1074 0.000488
1279 0.000488
1404 0.000488
2421 0.000488
273 0.000488
78 0.000488
2161 0.000487
1766 0.000486
7 0.000486
707 0.000486
3342 0.000485
1522 0.000484
3232 0.000484
1041 0.000483
3479 0.000483
3613 0.000483
392 0.000482
659 0.000482
792 0.000482
1796 0.000481
2192 0.000481
158 0.00048
2333 0.00048
2343 0.00048
3102 0.00048
3387 0.00048
1222 0.000479
1429 0.000479
1052 0.000478
1146 0.000478
137 0.000478
227 0.000478
2874 0.000477
2304 0.000476
3136 0.000476
3321 0.000476
1299 0.000475
1583 0.000475
2877 0.000475
3734 0.000475
3797 0.000475
984 0.000475
2711 0.000474
2756 0.000474
3019 0.000474
3079 0.000474
3573 0.000474
1322 0.000473
248 0.000473
1516 0.000472
253 0.000472
419 0.000472
742 0.000472
1324 0.000471
1953 0.000471
2832 0.000471
297 0.000471
724 0.000471
1229 0.00047
3743 0.00047
409 0.00047
1114 0.000469
1686 0.000469
847 0.000469
2703 0.000468
3351 0.000468
3449 0.000468
3491 0.000468
3866 0.000468
398 0.000468
482 0.000468
2807 0.000467
3523 0.000467
3667 0.000467
807 0.000466
1799 0.000465
3104 0.000465
397 0.000465
4038 0.000465
1139 0.000464
2833 0.000464
3396 0.000464
3964 0.000464
471 0.000464
94 0.000464
1238 0.000463
1514 0.000463
2054 0.000463
2336 0.000463
1169 0.000462
1931 0.000462
3233 0.000462
1926 0.000461
2992 0.000461
1573 0.00046
2187 0.00046
389 0.00046
82 0.00046
1309 0.000459
1361 0.000459
1444 0.000459
2956 0.000459
3366 0.000459
3616 0.000459
776 0.000459
2233 0.000458
2236 0.000458
2297 0.000458
664 0.000458
688 0.000458
1841 0.000457
2748 0.000457
2822 0.000457
767 0.000457
1614 0.000456
1893 0.000456
2032 0.000456
2292 0.000456
2669 0.000456
3496 0.000456
539 0.000456
782 0.000456
1134 0.000455
1192 0.000455
2117 0.000455
3123 0.000455
1017 0.000454
2563 0.000454
2904 0.000454
3873 0.000454
3236 0.000453
3324 0.000453
343 0.000453
703 0.000453
1806 0.000452
188 0.000452
916 0.000452
3267 0.000451
3379 0.000451
1107 0.00045
1729 0.00045
2642 0.00045
49 0.00045
511 0.00045
91 0.00045
1482 0.000449
3148 0.000449
3602 0.000448
378 0.000448
1032 0.000447
1891 0.000447
2213 0.000447
2532 0.000447
614 0.000447
1649 0.000446
2023 0.000446
313 0.000446
3924 0.000446
1373 0.000444
1726 0.000444
1844 0.000444
1999 0.000444
2731 0.000444
2879 0.000444
3406 0.000444
3996 0.000444
588 0.000444
949 0.000444
1054 0.000443
1331 0.000443
2849 0.000443
3078 0.000443
3153 0.000443
573 0.000443
1006 0.000442
654 0.000442
904 0.000442
3642 0.000441
3757 0.000441
1173 0.00044
1983 0.00044
2986 0.00044
3162 0.00044
3319 0.00044
3548 0.00044
2726 0.000439
3966 0.000439
1603 0.000438
1994 0.000438
2626 0.000438
3176 0.000438
494 0.000438
612 0.000438
1447 0.000437
1661 0.000437
1866 0.000437
2229 0.000437
3128 0.000437
3417 0.000437
3563 0.000437
503 0.000437
728 0.000437
159 0.000436
2387 0.000436
2611 0.000436
3054 0.000436
1358 0.000435
2828 0.000435
1076 0.000434
2819 0.000434
2939 0.000434
3138 0.000434
3452 0.000434
1227 0.000433
2097 0.000433
3347 0.000433
77 0.000433
118 0.000432
193 0.000432
2938 0.000432
3344 0.000432
3473 0.000432
3617 0.000432
3783 0.000432
837 0.000432
1811 0.000431
2984 0.000431
3683 0.000431
3907 0.000431
1757 0.00043
3871 0.00043
1911 0.000429
2037 0.000429
829 0.000429
1756 0.000428
23 0.000428
3049 0.000428
3253 0.000428
3579 0.000428
381 0.000428
3937 0.000428
1219 0.000427
1599 0.000427
241 0.000427
2694 0.000427
3618 0.000427
1742 0.000426
1781 0.000426
1879 0.000426
1906 0.000426
291 0.000426
2243 0.000425
2761 0.000425
3459 0.000425
3533 0.000425
492 0.000425
969 0.000425
1089 0.000424
2206 0.000424
2679 0.000424
2858 0.000424
327 0.000424
3814 0.000424
3951 0.000424
1851 0.000423
2138 0.000423
2226 0.000423
3132 0.000423
3374 0.000423
3488 0.000423
3591 0.000423
131 0.000422
1717 0.000422
1981 0.000422
3868 0.000422
777 0.000422
989 0.000422
1132 0.000421
1249 0.000421
2407 0.000421
2591 0.000421
2812 0.000421
2886 0.000421
3764 0.000421
3994 0.000421
702 0.000421
1494 0.00042
1679 0.00042
1793 0.00042
2602 0.000419
3032 0.000419
391 0.000419
857 0.000419
1683 0.000418
2848 0.000418
3448 0.000418
3842 0.000418
399 0.000418
2471 0.000417
514 0.000417
772 0.000417
939 0.000417
2153 0.000416
3007 0.000416
3782 0.000416
959 0.000416
2873 0.000415
1662 0.000414
2366 0.000414
3072 0.000414
493 0.000414
108 0.000413
1846 0.000413
2928 0.000413
3767 0.000413
3979 0.000413
717 0.000413
73 0.000413
852 0.000413
93 0.000413
1144 0.000412
1464 0.000412
1473 0.000412
1598 0.000412
2511 0.000412
2757 0.000412
3307 0.000412
3399 0.000412
489 0.000412
433 0.000411
2473 0.00041
3277 0.00041
3404 0.00041
737 0.00041
1256 0.000409
1467 0.000409
1867 0.000409
2758 0.000409
3193 0.000409
3762 0.000409
436 0.000409
3222 0.000408
3361 0.000408
53 0.000408
994 0.000408
1499 0.000406
1519 0.000406
2324 0.000406
263 0.000406
3576 0.000406
507 0.000406
2542 0.000405
2797 0.000405
3172 0.000405
3742 0.000405
416 0.000405
856 0.000405
1153 0.000404
1174 0.000404
1274 0.000404
2426 0.000404
2781 0.000404
3484 0.000404
3971 0.000404
722 0.000404
1419 0.000403
236 0.000402
2513 0.000402
3849 0.000402
619 0.000402
99 0.000402
1488 0.000401
168 0.000401
2078 0.000401
1993 0.0004
2507 0.0004
66 0.0004
213 0.000399
4036 0.000398
421 0.000398
1389 0.000397
1596 0.000397
2916 0.000397
522 0.000397
576 0.000397
1674 0.000396
2279 0.000396
3048 0.000396
3299 0.000396
3536 0.000396
1689 0.000395
3328 0.000395
3861 0.000395
1696 0.000394
2092 0.000394
2606 0.000394
2609 0.000394
3466 0.000394
1901 0.000393
2581 0.000393
456 0.000393
1234 0.000392
1564 0.000392
1701 0.000392
1902 0.000392
1992 0.000392
2088 0.000392
2183 0.000392
2244 0.000392
2294 0.000392
2607 0.000392
3209 0.000392
3286 0.000392
3692 0.000392
4002 0.000392
524 0.000392
968 0.000392
144 0.000391
1807 0.000391
2629 0.000391
4014 0.000391
1434 0.00039
1456 0.00039
1972 0.00039
2017 0.00039
2184 0.00039
739 0.00039
853 0.00039
877 0.00039
1491 0.000389
2321 0.000389
2682 0.000389
2869 0.000389
2907 0.000389
3106 0.000389
3179 0.000389
3777 0.000389
3844 0.000389
919 0.000389
1067 0.000388
2428 0.000388
3739 0.000388
113 0.000387
117 0.000387
1502 0.000387
2051 0.000387
2604 0.000387
1823 0.000386
2137 0.000386
426 0.000386
909 0.000386
109 0.000385
142 0.000385
2369 0.000385
2866 0.000385
3487 0.000385
477 0.000385
1044 0.000384
2331 0.000384
2437 0.000384
2687 0.000384
2868 0.000384
3043 0.000384
361 0.000384
417 0.000384
459 0.000384
974 0.000384
1094 0.000383
2302 0.000383
2463 0.000383
3962 0.000383
609 0.000383
628 0.000383
2906 0.000382
3788 0.000382
1294 0.000381
196 0.000381
2402 0.000381
423 0.000381
1801 0.00038
1944 0.00038
2072 0.00038
3343 0.00038
3791 0.00038
3933 0.00038
979 0.00038
1424 0.000379
1628 0.000379
2674 0.000379
314 0.000379
3248 0.000379
126 0.000378
1544 0.000378
2239 0.000378
3411 0.000378
3543 0.000378
3958 0.000378
528 0.000378
1101 0.000377
1462 0.000377
1752 0.000377
2149 0.000377
2867 0.000377
289 0.000377
3241 0.000377
111 0.000376
1731 0.000376
2172 0.000376
2277 0.000376
2287 0.000376
4003 0.000376
1224 0.000375
1917 0.000375
2649 0.000375
2999 0.000375
3033 0.000375
3312 0.000375
1794 0.000374
47 0.000374
1066 0.000373
1236 0.000373
3794 0.000373
714 0.000373
947 0.000373
1489 0.000372
1524 0.000372
2188 0.000372
2564 0.000372
3607 0.000372
3631 0.000372
3638 0.000372
3674 0.000372
3999 0.000372
432 0.000372
466 0.000372
1943 0.000371
2314 0.000371
2624 0.000371
3339 0.000371
3897 0.000371
1314 0.00037
2073 0.00037
2576 0.00037
2671 0.00037
2721 0.00037
2913 0.00037
3378 0.00037
4006 0.00037
4009 0.00037
4032 0.00037
531 0.00037
61 0.00037
784 0.00037
839 0.00037
87 0.00037
1416 0.000369
1946 0.000369
2103 0.000369
2319 0.000369
2664 0.000369
2891 0.000369
3096 0.000369
819 0.000369
1842 0.000368
2502 0.000368
3414 0.000368
3512 0.000368
641 0.000368
2571 0.000367
3069 0.000367
324 0.000367
3362 0.000367
3833 0.000367
139 0.000366
1427 0.000366
942 0.000366
978 0.000366
1267 0.000365
1668 0.000365
2071 0.000365
2468 0.000365
3447 0.000365
762 0.000365
1341 0.000364
1688 0.000364
1857 0.000364
1864 0.000364
1896 0.000364
2461 0.000364
2677 0.000364
3056 0.000364
3727 0.000364
2171 0.000363
2224 0.000363
2364 0.000363
2729 0.000363
2954 0.000363
3502 0.000363
1611 0.000362
2491 0.000362
3507 0.000362
3874 0.000362
1608 0.000361
1899 0.000361
2796 0.000361
29 0.000361
3164 0.000361
3821 0.000361
3859 0.000361
1117 0.00036
112 0.00036
1154 0.00036
1428 0.00036
143 0.00036
1938 0.00036
1962 0.00036
2064 0.00036
2373 0.00036
3317 0.00036
3409 0.00036
1617 0.000359
1636 0.000359
177 0.000359
257 0.000359
3891 0.000359
533 0.000359
834 0.000359
1282 0.000358
1984 0.000358
2409 0.000358
2586 0.000358
268 0.000358
2894 0.000358
3247 0.000358
46 0.000358
569 0.000358
2176 0.000357
2201 0.000357
237 0.000357
2593 0.000357
3702 0.000357
3826 0.000357
802 0.000357
812 0.000357
1048 0.000356
1347 0.000356
1868 0.000356
1954 0.000356
2909 0.000356
773 0.000356
1261 0.000355
2393 0.000355
2503 0.000355
2544 0.000355
14 0.000354
2053 0.000354
2241 0.000354
2632 0.000354
3012 0.000354
3439 0.000354
3834 0.000354
1384 0.000353
189 0.000353
1951 0.000353
2376 0.000353
2841 0.000353
3269 0.000353
3652 0.000353
3956 0.000353
1243 0.000352
1319 0.000352
222 0.000352
2621 0.000352
3163 0.000352
1496 0.000351
1547 0.000351
2189 0.000351
2344 0.000351
2451 0.000351
3926 0.000351
774 0.000351
1172 0.00035
2126 0.00035
2139 0.00035
3772 0.00035
402 0.00035
967 0.00035
2718 0.000349
2862 0.000349
323 0.000349
1507 0.000348
2943 0.000348
3468 0.000348
1158 0.000347
1221 0.000347
1244 0.000347
2414 0.000347
3358 0.000347
3443 0.000347
1237 0.000346
2668 0.000346
3137 0.000345
346 0.000345
882 0.000345
2043 0.000344
2093 0.000344
2278 0.000344
768 0.000344
929 0.000344
1258 0.000343
2492 0.000343
2548 0.000343
3542 0.000343
1191 0.000342
154 0.000342
1594 0.000342
2398 0.000342
2936 0.000342
3338 0.000342
1629 0.000341
1971 0.000341
2991 0.000341
2169 0.00034
2223 0.00034
2323 0.00034
2597 0.00034
3074 0.00034
3246 0.00034
3332 0.00034
646 0.00034
914 0.00034
966 0.00034
1487 0.000339
1849 0.000339
2036 0.000339
2512 0.000339
3133 0.000339
3146 0.000339
3731 0.000339
874 0.000339
1039 0.000338
2194 0.000338
2706 0.000338
1563 0.000337
2033 0.000337
3149 0.000337
3184 0.000337
1273 0.000336
2044 0.000336
2124 0.000336
2128 0.000336
2567 0.000336
2836 0.000336
2917 0.000336
1302 0.000335
147 0.000335
2012 0.000335
2069 0.000335
3678 0.000335
3887 0.000335
3997 0.000335
454 0.000335
6 0.000335
1597 0.000334
1664 0.000334
1836 0.000334
2404 0.000334
3839 0.000334
1291 0.000333
2338 0.000333
2431 0.000333
2608 0.000333
2116 0.000332
3053 0.000332
3119 0.000332
408 0.000332
1298 0.000331
2864 0.000331
449 0.000331
169 0.00033
2419 0.00033
274 0.00033
3554 0.00033
921 0.00033
1821 0.000329
226 0.000329
2361 0.000329
2792 0.000329
3168 0.000329
3292 0.000329
3389 0.000329
3424 0.000329
3869 0.000329
1164 0.000328
1343 0.000328
1809 0.000328
1894 0.000328
1979 0.000328
2872 0.000328
3174 0.000328
339 0.000328
3699 0.000328
953 0.000328
156 0.000327
278 0.000327
3403 0.000327
3634 0.000327
461 0.000327
149 0.000326
2767 0.000326
3224 0.000326
3514 0.000326
4037 0.000326
1051 0.000325
13 0.000325
2356 0.000325
2988 0.000325
3117 0.000325
818 0.000325
1364 0.000324
1959 0.000324
764 0.000324
1712 0.000323
1824 0.000323
2196 0.000323
3567 0.000323
3711 0.000323
542 0.000323
789 0.000323
1011 0.000322
1166 0.000322
1439 0.000322
1623 0.000322
1961 0.000322
2052 0.000322
2374 0.000322
2993 0.000322
31 0.000322
1231 0.000321
1687 0.000321
3196 0.000321
3637 0.000321
63 0.000321
1128 0.00032
1348 0.00032
2351 0.00032
2498 0.00032
2594 0.00032
629 0.00032
757 0.00032
1194 0.000319
1217 0.000319
1882 0.000319
2482 0.000319
2689 0.000319
581 0.000319
1898 0.000318
2919 0.000318
2969 0.000318
3281 0.000318
3433 0.000318
386 0.000318
1003 0.000317
1474 0.000317
1948 0.000317
2039 0.000317
2352 0.000317
2802 0.000317
3097 0.000317
3284 0.000317
3293 0.000317
1699 0.000316
2167 0.000316
2317 0.000316
2619 0.000316
3239 0.000316
3694 0.000316
1148 0.000315
2084 0.000315
2363 0.000315
2578 0.000315
3333 0.000315
356 0.000315
457 0.000315
718 0.000315
766 0.000315
1069 0.000314
1254 0.000314
1354 0.000314
2582 0.000314
3098 0.000314
1122 0.000313
2538 0.000313
2746 0.000313
301 0.000313
3331 0.000313
3412 0.000313
3508 0.000313
806 0.000313
1643 0.000312
1666 0.000312
2914 0.000312
3761 0.000312
3884 0.000312
596 0.000312
48 0.000311
677 0.000311
1927 0.00031
242 0.00031
2763 0.00031
726 0.00031
1084 0.000309
2332 0.000309
2458 0.000309
2551 0.000309
2931 0.000309
3073 0.000309
3114 0.000309
3478 0.000309
2108 0.000308
2423 0.000308
2454 0.000308
2496 0.000308
2203 0.000307
2251 0.000307
2559 0.000307
2561 0.000307
2613 0.000307
2692 0.000307
2736 0.000307
2921 0.000307
2946 0.000307
1918 0.000306
2958 0.000306
3323 0.000306
3561 0.000306
3689 0.000306
1637 0.000305
2112 0.000305
2446 0.000305
2871 0.000305
92 0.000305
1131 0.000304
1642 0.000304
2006 0.000304
2028 0.000304
2881 0.000304
88 0.000304
1242 0.000303
2372 0.000303
2616 0.000303
2809 0.000303
3143 0.000303
3261 0.000303
3847 0.000303
1828 0.000302
1924 0.000302
2129 0.000302
2262 0.000302
2284 0.000302
2549 0.000302
3381 0.000302
163 0.000301
2253 0.000301
3651 0.000301
3722 0.000301
3882 0.000301
1484 0.0003
2121 0.000299
2208 0.000299
2764 0.000299
2911 0.000299
3549 0.000299
1771 0.000298
1789 0.000298
2308 0.000298
3822 0.000298
1776 0.000297
2508 0.000297
3187 0.000297
3486 0.000297
3841 0.000297
1083 0.000296
1576 0.000296
161 0.000296
1692 0.000296
3059 0.000296
3416 0.000296
3597 0.000296
3776 0.000296
3898 0.000296
644 0.000296
1396 0.000295
2024 0.000295
3391 0.000295
3429 0.000295
3922 0.000295
141 0.000294
1654 0.000294
2276 0.000294
2704 0.000294
3526 0.000294
499 0.000294
941 0.000294
2042 0.000293
2066 0.000293
3341 0.000293
3559 0.000293
899 0.000293
1426 0.000292
181 0.000292
194 0.000292
2177 0.000292
3094 0.000292
4 0.000292
1163 0.000291
1414 0.000291
2342 0.000291
2408 0.000291
3629 0.000291
803 0.000291
1317 0.00029
308 0.00029
3499 0.00029
3886 0.00029
3953 0.00029
593 0.00029
2182 0.000289
2483 0.000289
2573 0.000289
3052 0.000289
3534 0.000289
589 0.000289
3942 0.000288
527 0.000288
591 0.000288
771 0.000288
1102 0.000287
1156 0.000287
1264 0.000287
1616 0.000287
1974 0.000287
2063 0.000287
3108 0.000287
3779 0.000287
832 0.000287
849 0.000287
2246 0.000286
2537 0.000286
1937 0.000285
439 0.000285
537 0.000285
957 0.000285
1018 0.000284
1819 0.000284
1904 0.000284
201 0.000284
2026 0.000284
2299 0.000284
264 0.000284
3142 0.000284
3206 0.000284
3569 0.000284
671 0.000284
1862 0.000283
2334 0.000283
2996 0.000283
3021 0.000283
3258 0.000283
3546 0.000283
3854 0.000283
1082 0.000282
1541 0.000282
1929 0.000282
1998 0.000282
2132 0.000282
2504 0.000282
262 0.000282
2004 0.000281
2371 0.000281
3178 0.000281
3318 0.000281
3587 0.000281
3858 0.000281
481 0.000281
1036 0.00028
1483 0.00028
1543 0.00028
2433 0.00028
2657 0.00028
2662 0.00028
3287 0.00028
3288 0.00028
1239 0.000279
1672 0.000279
2922 0.000279
3704 0.000279
3931 0.000279
583 0.000279
798 0.000279
997 0.000279
1021 0.000278
2056 0.000278
2546 0.000278
2643 0.000278
2814 0.000278
329 0.000278
3803 0.000278
1034 0.000277
1037 0.000277
1423 0.000277
2148 0.000277
3541 0.000277
3693 0.000277
1856 0.000276
1872 0.000276
2728 0.000276
3511 0.000276
357 0.000276
3687 0.000276
906 0.000276
1579 0.000275
2122 0.000275
238 0.000275
247 0.000275
604 0.000275
833 0.000275
977 0.000275
104 0.000274
1072 0.000274
1271 0.000274
2377 0.000274
2773 0.000274
3463 0.000274
3557 0.000274
3949 0.000274
696 0.000274
754 0.000274
2022 0.000273
2273 0.000273
2974 0.000273
3177 0.000273
3497 0.000273
1181 0.000272
2002 0.000272
2434 0.000272
2588 0.000272
669 0.000272
3086 0.000271
3564 0.000271
3836 0.000271
3981 0.000271
496 0.000271
1732 0.00027
2083 0.00027
2693 0.00027
656 0.00027
2771 0.000269
2889 0.000269
892 0.000269
218 0.000268
2267 0.000268
306 0.000268
328 0.000268
3972 0.000268
708 0.000268
1413 0.000267
736 0.000267
1272 0.000266
1303 0.000266
1553 0.000266
2307 0.000266
3296 0.000266
3648 0.000266
3709 0.000266
3732 0.000266
3974 0.000266
661 0.000266
1288 0.000265
1356 0.000265
1656 0.000265
1711 0.000265
2254 0.000265
2386 0.000265
2447 0.000265
2499 0.000265
3046 0.000265
681 0.000265
692 0.000265
982 0.000265
1183 0.000264
1226 0.000264
1448 0.000264
3386 0.000264
3718 0.000264
1257 0.000263
1292 0.000263
223 0.000263
394 0.000263
2411 0.000262
3852 0.000262
4004 0.000262
518 0.000262
554 0.000262
617 0.000262
1113 0.000261
192 0.000261
3207 0.000261
3221 0.000261
3298 0.000261
611 0.000261
873 0.000261
2049 0.00026
224 0.00026
2442 0.00026
2516 0.00026
2806 0.00026
3792 0.00026
952 0.00026
1306 0.000259
1312 0.000259
1997 0.000259
2159 0.000259
2783 0.000259
3191 0.000259
1991 0.000258
3004 0.000258
302 0.000258
3768 0.000258
1119 0.000257
1188 0.000257
1394 0.000257
1744 0.000257
184 0.000257
2009 0.000257
2648 0.000257
3062 0.000257
523 0.000257
1047 0.000256
1283 0.000256
1453 0.000256
3313 0.000256
1497 0.000255
2061 0.000255
2079 0.000255
2212 0.000255
2417 0.000255
2506 0.000255
2569 0.000255
2702 0.000255
2743 0.000255
3036 0.000255
2216 0.000254
3028 0.000254
368 0.000254
532 0.000254
897 0.000254
913 0.000254
1566 0.000253
1916 0.000253
2134 0.000253
452 0.000253
814 0.000253
1212 0.000252
1671 0.000252
204 0.000252
2484 0.000252
2749 0.000252
2753 0.000252
3438 0.000252
2232 0.000251
2467 0.00025
2469 0.00025
2556 0.00025
2789 0.00025
3011 0.00025
3422 0.00025
3728 0.00025
3471 0.000249
3562 0.000249
3649 0.000249
3883 0.000249
469 0.000249
1026 0.000248
1976 0.000248
2211 0.000248
254 0.000248
3272 0.000248
334 0.000248
3682 0.000248
3831 0.000248
927 0.000248
1332 0.000247
1737 0.000247
3532 0.000247
463 0.000247
3314 0.000246
3867 0.000246
546 0.000246
578 0.000246
62 0.000246
627 0.000246
658 0.000246
1432 0.000245
2397 0.000245
2623 0.000245
2739 0.000245
3621 0.000245
1753 0.000244
1889 0.000244
3029 0.000244
3047 0.000244
3716 0.000244
3823 0.000244
4021 0.000244
599 0.000244
662 0.000244
1246 0.000243
1523 0.000243
2144 0.000243
2261 0.000243
2589 0.000243
2633 0.000243
2897 0.000243
3599 0.000243
1587 0.000242
198 0.000242
2962 0.000242
3706 0.000242
557 0.000242
1136 0.000241
2829 0.000241
486 0.000241
101 0.00024
1198 0.00024
1914 0.00024
2027 0.00024
2322 0.00024
2717 0.00024
3346 0.00024
3857 0.00024
981 0.00024
1632 0.000239
1988 0.000239
3212 0.000239
1127 0.000238
2768 0.000238
3828 0.000238
3881 0.000238
407 0.000238
1388 0.000237
1694 0.000237
1812 0.000237
2173 0.000237
2583 0.000237
2631 0.000237
3601 0.000237
3679 0.000237
1511 0.000236
174 0.000236
2929 0.000236
388 0.000236
1939 0.000235
281 0.000235
3921 0.000235
127 0.000234
1767 0.000234
2418 0.000234
266 0.000234
331 0.000234
1567 0.000233
2264 0.000233
284 0.000233
2983 0.000233
3509 0.000233
3516 0.000233
3967 0.000233
487 0.000233
1382 0.000232
1677 0.000232
2107 0.000232
68 0.000232
1323 0.000231
1582 0.000231
1724 0.000231
197 0.000231
232 0.000231
2644 0.000231
3139 0.000231
3517 0.000231
59 0.000231
1327 0.00023
1437 0.00023
1653 0.00023
2237 0.00023
3726 0.00023
632 0.00023
991 0.00023
1531 0.000229
1652 0.000229
2077 0.000229
2887 0.000229
3066 0.000229
3462 0.000229
1667 0.000228
2031 0.000228
2329 0.000228
2614 0.000228
2663 0.000228
3698 0.000228
848 0.000228
2489 0.000227
2628 0.000227
3279 0.000227
3458 0.000227
3786 0.000227
804 0.000227
948 0.000227
1108 0.000226
1528 0.000226
1593 0.000226
1647 0.000226
1673 0.000226
2813 0.000226
683 0.000226
1727 0.000225
3309 0.000225
3707 0.000225
731 0.000225
1436 0.000224
2494 0.000224
3656 0.000224
1098 0.000223
1318 0.000223
2046 0.000223
2207 0.000223
2341 0.000223
2681 0.000223
3316 0.000223
3643 0.000223
3909 0.000223
738 0.000223
902 0.000223
97 0.000223
1182 0.000222
3166 0.000222
3259 0.000222
367 0.000222
3943 0.000222
2101 0.000221
2259 0.000221
2396 0.000221
2686 0.000221
364 0.000221
3896 0.000221
3903 0.000221
424 0.000221
479 0.000221
1001 0.00022
1062 0.00022
1177 0.00022
1758 0.00022
1921 0.00022
3377 0.00022
734 0.00022
793 0.00022
1123 0.000219
1307 0.000219
1402 0.000219
1681 0.000219
2091 0.000219
2429 0.000219
3382 0.000219
58 0.000219
1142 0.000218
1207 0.000218
2062 0.000218
2653 0.000218
2712 0.000218
2784 0.000218
2972 0.000218
3481 0.000218
3623 0.000218
689 0.000218
1138 0.000217
1897 0.000217
2228 0.000217
2306 0.000217
3014 0.000217
3016 0.000217
666 0.000217
758 0.000217
1171 0.000216
1571 0.000216
2401 0.000216
2672 0.000216
2976 0.000216
3018 0.000216
3578 0.000216
3581 0.000216
3753 0.000216
387 0.000216
616 0.000216
1878 0.000215
24 0.000215
2501 0.000215
2627 0.000215
3301 0.000215
337 0.000215
3527 0.000215
3696 0.000215
838 0.000215
1056 0.000214
134 0.000214
1538 0.000214
2034 0.000214
2098 0.000214
2157 0.000214
2477 0.000214
2823 0.000214
547 0.000214
1351 0.000213
3238 0.000213
1408 0.000212
2851 0.000212
908 0.000212
1743 0.000211
2579 0.000211
2622 0.000211
3273 0.000211
577 0.000211
711 0.000211
2462 0.00021
2636 0.00021
3659 0.00021
3713 0.00021
4019 0.00021
509 0.00021
633 0.00021
971 0.00021
1512 0.000209
2552 0.000209
3612 0.000209
3626 0.000209
594 0.000209
898 0.000209
1738 0.000208
2497 0.000208
3008 0.000208
3493 0.000208
488 0.000208
936 0.000208
1121 0.000207
1818 0.000207
2618 0.000207
3303 0.000207
3423 0.000207
3446 0.000207
3671 0.000207
1778 0.000206
1782 0.000206
2713 0.000206
1028 0.000205
1281 0.000205
2 0.000205
2854 0.000205
3592 0.000205
3759 0.000205
3774 0.000205
38 0.000205
3837 0.000205
3957 0.000205
1106 0.000204
1968 0.000204
2011 0.000204
3283 0.000204
3337 0.000204
4018 0.000204
187 0.000203
2179 0.000203
809 0.000203
2438 0.000202
748 0.000202
779 0.000202
1772 0.000201
2734 0.000201
3234 0.000201
3594 0.000201
1722 0.0002
3608 0.0002
3639 0.0002
3741 0.0002
3919 0.0002
434 0.0002
647 0.0002
1859 0.000199
2089 0.000199
2603 0.000199
3547 0.000199
3646 0.000199
3661 0.000199
582 0.000199
783 0.000199
1357 0.000198
1957 0.000198
3392 0.000198
3766 0.000198
3863 0.000198
598 0.000198
2058 0.000197
2918 0.000197
3124 0.000197
3129 0.000197
3476 0.000197
3524 0.000197
72 0.000197
932 0.000197
1167 0.000196
1287 0.000196
1392 0.000196
1446 0.000196
1754 0.000196
1803 0.000196
1863 0.000196
2982 0.000196
473 0.000196
512 0.000196
701 0.000196
2367 0.000195
2391 0.000195
2658 0.000195
3848 0.000194
962 0.000194
983 0.000194
1313 0.000193
1702 0.000193
2296 0.000193
2639 0.000193
3519 0.000193
1588 0.000192
251 0.000192
296 0.000192
3571 0.000192
441 0.000192
501 0.000192
1311 0.000191
1787 0.000191
451 0.000191
746 0.000191
1837 0.00019
1873 0.00019
2156 0.00019
3211 0.00019
3513 0.00019
976 0.00019
1779 0.000189
1848 0.000189
2803 0.000189
1847 0.000188
1923 0.000188
2439 0.000188
2574 0.000188
2933 0.000188
3083 0.000188
1909 0.000187
3203 0.000187
3444 0.000187
543 0.000187
57 0.000187
1733 0.000186
1548 0.000185
3057 0.000185
3304 0.000185
3697 0.000185
601 0.000185
84 0.000185
1763 0.000184
2708 0.000184
3818 0.000184
1337 0.000183
1368 0.000183
3276 0.000183
351 0.000183
1903 0.000182
2528 0.000182
2673 0.000182
3636 0.000182
1043 0.000181
1421 0.000181
162 0.000181
2337 0.000181
2474 0.000181
3708 0.000181
1092 0.00018
1877 0.00018
2029 0.00018
2242 0.00018
3223 0.00018
3278 0.00018
1012 0.000179
1216 0.000179
2164 0.000179
2281 0.000179
2487 0.000179
3041 0.000179
1112 0.000178
1201 0.000178
123 0.000178
1774 0.000178
2349 0.000178
3126 0.000178
3322 0.000178
3908 0.000178
437 0.000178
2346 0.000177
3023 0.000177
3294 0.000177
354 0.000177
3904 0.000177
3929 0.000177
462 0.000177
1371 0.000176
1638 0.000176
2964 0.000176
2977 0.000176
3081 0.000176
3171 0.000176
352 0.000176
3763 0.000176
622 0.000176
148 0.000175
2831 0.000175
3306 0.000175
3658 0.000175
536 0.000175
988 0.000175
1228 0.000174
1433 0.000174
1503 0.000174
1734 0.000174
2113 0.000174
2198 0.000174
2263 0.000174
2846 0.000174
359 0.000174
393 0.000174
769 0.000174
1197 0.000173
1213 0.000173
1457 0.000173
1963 0.000173
2892 0.000173
2953 0.000173
3402 0.000173
3504 0.000173
3644 0.000173
729 0.000173
1508 0.000171
1958 0.000171
3229 0.000171
2041 0.00017
2554 0.00017
276 0.00017
396 0.00017
816 0.00017
1162 0.000169
133 0.000169
1441 0.000169
22 0.000169
2357 0.000169
2392 0.000169
3622 0.000169
1814 0.000168
2547 0.000168
472 0.000168
548 0.000168
682 0.000168
1097 0.000167
1328 0.000167
1578 0.000167
1606 0.000167
2214 0.000167
2406 0.000167
333 0.000167
3531 0.000167
778 0.000167
1308 0.000166
1393 0.000166
1533 0.000166
2293 0.000166
1316 0.000165
1682 0.000165
1829 0.000165
1936 0.000165
2486 0.000165
2667 0.000165
2924 0.000165
303 0.000165
3383 0.000165
3431 0.000165
3454 0.000165
796 0.000165
173 0.000164
1858 0.000164
2353 0.000164
2987 0.000164
3483 0.000164
3701 0.000164
709 0.000164
1336 0.000163
1513 0.000163
1838 0.000163
1223 0.000162
1626 0.000162
217 0.000162
3237 0.000162
3614 0.000162
2444 0.000161
2926 0.000161
3421 0.000161
458 0.000161
693 0.000161
791 0.000161
102 0.00016
1601 0.00016
167 0.00016
2217 0.00016
3213 0.00016
3336 0.00016
1278 0.000159
1478 0.000159
1704 0.000159
1773 0.000159
1798 0.000159
243 0.000159
258 0.000159
2684 0.000159
3208 0.000159
3228 0.000159
3262 0.000159
1118 0.000158
1406 0.000158
1542 0.000158
2136 0.000158
3093 0.000158
3103 0.000158
3894 0.000158
786 0.000158
1218 0.000157
151 0.000157
1808 0.000157
3668 0.000157
519 0.000157
889 0.000157
1081 0.000156
1989 0.000156
3986 0.000156
429 0.000156
903 0.000156
1749 0.000155
212 0.000155
2697 0.000155
2733 0.000155
3186 0.000155
3289 0.000155
3329 0.000155
3393 0.000155
1492 0.000154
1907 0.000154
2003 0.000154
2699 0.000154
3812 0.000154
963 0.000154
1438 0.000153
1832 0.000153
3802 0.000153
584 0.000153
741 0.000153
992 0.000153
1452 0.000152
1748 0.000152
2844 0.000152
3192 0.000152
3566 0.000152
3784 0.000152
3976 0.000152
626 0.000152
901 0.000152
1728 0.000151
2701 0.000151
3441 0.000151
4011 0.000151
1247 0.00015
1333 0.00015
1412 0.00015
1451 0.00015
1572 0.00015
2696 0.00015
2824 0.00015
2859 0.00015
3091 0.00015
3189 0.00015
3627 0.00015
1723 0.000149
2286 0.000149
2652 0.000149
3472 0.000149
3872 0.000149
3901 0.000149
753 0.000149
1068 0.000148
2449 0.000148
3013 0.000148
3862 0.000148
2222 0.000147
2379 0.000147
3574 0.000147
863 0.000147
876 0.000147
1378 0.000146
1526 0.000146
1562 0.000146
2979 0.000146
2997 0.000146
3199 0.000146
3356 0.000146
1241 0.000145
2146 0.000145
2518 0.000145
2779 0.000145
2888 0.000145
3539 0.000145
3817 0.000145
3889 0.000145
418 0.000145
634 0.000145
64 0.000145
706 0.000145
843 0.000145
1042 0.000144
1293 0.000144
1884 0.000144
2923 0.000144
2934 0.000144
3024 0.000144
341 0.000144
529 0.000144
2076 0.000143
2656 0.000143
178 0.000142
1822 0.000142
2534 0.000142
2762 0.000142
474 0.000142
51 0.000142
83 0.000142
938 0.000142
956 0.000142
1676 0.000141
2204 0.000141
3068 0.000141
642 0.000141
763 0.000141
103 0.00014
1398 0.00014
1633 0.00014
3373 0.00014
2479 0.000139
2981 0.000139
3 0.000139
933 0.000139
1296 0.000138
2106 0.000138
2181 0.000138
2737 0.000138
759 0.000138
1016 0.000137
1403 0.000137
1843 0.000137
2318 0.000137
2759 0.000137
32 0.000137
3498 0.000137
3606 0.000137
1739 0.000136
1747 0.000136
1788 0.000136
1869 0.000136
2119 0.000136
2577 0.000136
372 0.000136
3754 0.000136
931 0.000136
1407 0.000135
3167 0.000135
3243 0.000135
3482 0.000135
1537 0.000134
2612 0.000134
132 0.000133
1458 0.000133
1481 0.000133
3723 0.000133
3778 0.000133
4017 0.000133
1942 0.000132
2691 0.000132
2707 0.000132
3009 0.000132
3037 0.000132
3311 0.000132
3551 0.000132
3888 0.000132
676 0.000132
1266 0.000131
2948 0.000131
3428 0.000131
831 0.000131
1387 0.00013
1592 0.00013
2082 0.00013
2152 0.00013
446 0.00013
1141 0.000129
1187 0.000129
2067 0.000129
2301 0.000129
2536 0.000129
3157 0.000129
4026 0.000129
1137 0.000128
1532 0.000128
1698 0.000128
2248 0.000128
2403 0.000128
246 0.000128
3173 0.000128
3771 0.000128
476 0.000128
691 0.000128
1978 0.000127
2893 0.000127
3359 0.000127
3991 0.000127
943 0.000127
2527 0.000126
36 0.000126
568 0.000126
631 0.000126
1468 0.000125
2057 0.000125
2094 0.000125
2774 0.000125
3127 0.000125
3242 0.000125
3477 0.000125
3669 0.000125
3773 0.000125
3813 0.000125
3864 0.000125
3911 0.000125
1561 0.000124
2898 0.000124
1658 0.000123
2147 0.000123
733 0.000123
756 0.000123
1232 0.000122
1928 0.000122
2209 0.000122
2443 0.000122
3151 0.000122
3913 0.000122
2562 0.000121
3244 0.000121
3664 0.000121
3736 0.000121
558 0.000121
912 0.000121
1381 0.00012
1418 0.00012
2856 0.00012
2861 0.00012
3067 0.00012
3944 0.00012
639 0.00012
1568 0.000119
2727 0.000119
2947 0.000119
3357 0.000119
3954 0.000119
2221 0.000118
2566 0.000118
2688 0.000118
2883 0.000118
3703 0.000118
4028 0.000118
2416 0.000117
2529 0.000117
2678 0.000117
3039 0.000117
3388 0.000117
3583 0.000117
716 0.000117
886 0.000117
951 0.000117
96 0.000117
1061 0.000116
1719 0.000116
1987 0.000116
3194 0.000116
3427 0.000116
813 0.000116
3063 0.000115
826 0.000115
836 0.000115
106 0.000114
2197 0.000114
2637 0.000114
2876 0.000114
2941 0.000114
3326 0.000114
3769 0.000114
3961 0.000114
3973 0.000114
844 0.000114
878 0.000114
1133 0.000113
1442 0.000113
16 0.000113
318 0.000113
347 0.000113
3537 0.000113
403 0.000113
922 0.000113
1033 0.000112
1161 0.000112
176 0.000112
1982 0.000112
2744 0.000112
3249 0.000112
3522 0.000112
861 0.000112
937 0.000112
1764 0.000111
2587 0.000111
2747 0.000111
2908 0.000111
293 0.000111
3371 0.000111
3503 0.000111
39 0.000111
44 0.000111
1286 0.00011
1641 0.00011
2523 0.00011
2709 0.00011
2794 0.00011
2816 0.00011
3144 0.00011
1607 0.000109
1852 0.000109
2389 0.000109
2818 0.000109
3141 0.000109
3156 0.000109
3663 0.000109
3952 0.000109
129 0.000108
3796 0.000108
1116 0.000107
2193 0.000107
411 0.000107
723 0.000107
1111 0.000106
2519 0.000106
3254 0.000106
3376 0.000106
3401 0.000106
3556 0.000106
3598 0.000106
52 0.000106
799 0.000106
1053 0.000105
1493 0.000105
3806 0.000105
3878 0.000105
54 0.000105
86 0.000105
1321 0.000104
1648 0.000104
2258 0.000104
2817 0.000104
3042 0.000104
3147 0.000104
3641 0.000104
794 0.000104
1443 0.000103
1517 0.000103
1646 0.000103
2234 0.000103
3712 0.000103
3934 0.000103
521 0.000103
2476 0.000102
3492 0.000102
574 0.000102
749 0.000102
888 0.000102
2274 0.000101
1178 0.0001
2311 0.0001
2427 0.0001
2967 0.0001
3058 0.0001
3349 0.0001
3489 0.0001
3676 0.0001
3963 0.0001
2016 9.9e-05
1046 9.8e-05
1586 9.8e-05
2303 9.8e-05
2316 9.8e-05
2453 9.8e-05
309 9.8e-05
928 9.8e-05
2432 9.7e-05
294 9.7e-05
3843 9.7e-05
958 9.7e-05
1883 9.6e-05
2186 9.6e-05
2834 9.6e-05
401 9.6e-05
508 9.6e-05
672 9.6e-05
821 9.6e-05
1088 9.5e-05
1196 9.5e-05
1769 9.5e-05
2847 9.5e-05
3122 9.5e-05
3218 9.5e-05
3354 9.5e-05
751 9.5e-05
1077 9.4e-05
1251 9.4e-05
3603 9.4e-05
3914 9.4e-05
1397 9.3e-05
2163 9.3e-05
2272 9.3e-05
2466 9.3e-05
2769 9.3e-05
3109 9.3e-05
3724 9.3e-05
587 9.3e-05
679 9.3e-05
1252 9.2e-05
1363 9.2e-05
1618 9.2e-05
2249 9.2e-05
3654 9.2e-05
442 9.2e-05
79 9.2e-05
986 9.2e-05
1193 9.1e-05
1784 9.1e-05
3334 9.1e-05
3816 9.1e-05
3832 9.1e-05
1297 9e-05
1657 9e-05
2968 9e-05
3099 9e-05
344 9e-05
1678 8.9e-05
2141 8.9e-05
2957 8.9e-05
3368 8.9e-05
3899 8.9e-05
3916 8.9e-05
3988 8.9e-05
498 8.9e-05
1057 8.8e-05
1342 8.8e-05
2362 8.8e-05
788 8.8e-05
1013 8.7e-05
2723 8.7e-05
811 8.7e-05
1922 8.6e-05
1934 8.6e-05
2557 8.6e-05
2942 8.6e-05
3681 8.6e-05
3876 8.6e-05
871 8.6e-05
1956 8.5e-05
2227 8.5e-05
2799 8.5e-05
3572 8.5e-05
808 8.5e-05
1527 8.4e-05
1908 8.4e-05
2162 8.4e-05
2288 8.4e-05
2424 8.4e-05
2878 8.4e-05
362 8.4e-05
3789 8.4e-05
663 8.4e-05
761 8.4e-05
1152 8.3e-05
2114 8.3e-05
2634 8.3e-05
3227 8.3e-05
3367 8.3e-05
1949 8.2e-05
2168 8.2e-05
298 8.2e-05
973 8.2e-05
1063 8.1e-05
1268 8.1e-05
2838 8.1e-05
2899 8.1e-05
3003 8.1e-05
1007 8e-05
2821 8e-05
338 8e-05
502 8e-05
621 8e-05
121 7.9e-05
1518 7.9e-05
152 7.9e-05
2019 7.9e-05
2238 7.9e-05
1817 7.8e-05
2531 7.8e-05
69 7.8e-05
972 7.8e-05
1093 7.7e-05
2291 7.7e-05
2452 7.7e-05
3418 7.7e-05
1486 7.6e-05
1556 7.6e-05
1602 7.6e-05
2804 7.6e-05
2826 7.6e-05
868 7.6e-05
2048 7.5e-05
2882 7.5e-05
2961 7.5e-05
3088 7.5e-05
3216 7.5e-05
3632 7.5e-05
3666 7.5e-05
3827 7.5e-05
3936 7.5e-05
427 7.5e-05
146 7.4e-05
1996 7.4e-05
1552 7.3e-05
2766 7.3e-05
2903 7.3e-05
3941 7.3e-05
549 7.3e-05
961 7.3e-05
1168 7.2e-05
3923 7.2e-05
541 7.2e-05
1372 7.1e-05
2801 7.1e-05
3061 7.1e-05
413 7.1e-05
869 7.1e-05
1422 7e-05
2456 7e-05
3352 7e-05
2158 6.9e-05
586 6.9e-05
721 6.9e-05
1023 6.8e-05
1091 6.8e-05
2422 6.8e-05
3893 6.8e-05
2021 6.7e-05
2099 6.7e-05
2383 6.7e-05
2584 6.7e-05
3461 6.7e-05
491 6.7e-05
1143 6.6e-05
1186 6.6e-05
1501 6.6e-05
1933 6.6e-05
2791 6.6e-05
3993 6.6e-05
879 6.6e-05
881 6.6e-05
1802 6.5e-05
3939 6.5e-05
1708 6.4e-05
2013 6.4e-05
2096 6.4e-05
2514 6.4e-05
317 6.4e-05
3552 6.4e-05
3977 6.4e-05
923 6.4e-05
2252 6.3e-05
2651 6.3e-05
2971 6.3e-05
1073 6.2e-05
1087 6.2e-05
1762 6.2e-05
1853 6.2e-05
3733 6.2e-05
3749 6.2e-05
704 6.2e-05
1008 6e-05
1202 6e-05
1248 6e-05
2752 6e-05
3582 6e-05
1913 5.9e-05
2178 5.9e-05
743 5.9e-05
926 5.9e-05
2413 5.8e-05
3092 5.8e-05
1952 5.7e-05
208 5.7e-05
2298 5.7e-05
467 5.7e-05
572 5.7e-05
657 5.7e-05
1887 5.6e-05
382 5.6e-05
846 5.6e-05
3197 5.5e-05
3308 5.5e-05
3751 5.5e-05
3811 5.5e-05
2441 5.4e-05
3202 5.4e-05
3217 5.4e-05
3457 5.4e-05
1874 5.3e-05
4034 5.2e-05
406 5.2e-05
453 5.2e-05
866 5.2e-05
311 5.1e-05
3112 5.1e-05
3159 5.1e-05
3544 5.1e-05
864 5.1e-05
893 5.1e-05
124 5e-05
2517 5e-05
2852 5e-05
3432 5e-05
562 5e-05
1631 4.9e-05
1697 4.9e-05
2008 4.9e-05
27 4.9e-05
3266 4.9e-05
534 4.9e-05
649 4.9e-05
138 4.8e-05
1546 4.8e-05
1977 4.8e-05
2522 4.8e-05
2572 4.8e-05
2641 4.8e-05
269 4.8e-05
3398 4.8e-05
1892 4.7e-05
2388 4.7e-05
3787 4.7e-05
907 4.7e-05
1058 4.6e-05
1157 4.6e-05
1759 4.6e-05
2014 4.6e-05
2776 4.6e-05
478 4.6e-05
221 4.5e-05
3467 4.5e-05
464 4.5e-05
854 4.5e-05
1506 4.4e-05
2312 4.4e-05
34 4.4e-05
667 4.4e-05
858 4.4e-05
3271 4.3e-05
3653 4.3e-05
3781 4.3e-05
3946 4.3e-05
1301 4.2e-05
1401 4.2e-05
1477 4.2e-05
3928 4.2e-05
229 4.1e-05
3673 4.1e-05
894 4.1e-05
1383 4e-05
166 4e-05
1777 4e-05
2599 4e-05
2884 4e-05
3436 4e-05
652 4e-05
673 4e-05
884 4e-05
1411 3.9e-05
1713 3.9e-05
851 3.9e-05
998 3.9e-05
1203 3.8e-05
2811 3.8e-05
987 3.8e-05
1103 3.7e-05
1362 3.7e-05
1461 3.7e-05
1463 3.7e-05
321 3.6e-05
1521 3.5e-05
3588 3.5e-05
1263 3.4e-05
202 3.4e-05
2568 3.4e-05
267 3.4e-05
349 3.4e-05
3879 3.4e-05
2166 3.3e-05
3044 3.3e-05
3161 3.3e-05
1346 3.1e-05
2358 3.1e-05
2524 3.1e-05
2714 3.1e-05
379 3.1e-05
699 3.1e-05
1038 3e-05
2963 3e-05
3589 3e-05
371 3e-05
2256 2.9e-05
2732 2.9e-05
3131 2.9e-05
3181 2.9e-05
3251 2.9e-05
571 2.9e-05
1031 2.8e-05
283 2.8e-05
3494 2.8e-05
3717 2.8e-05
3744 2.8e-05
3746 2.8e-05
3846 2.8e-05
3978 2.8e-05
1147 2.7e-05
1151 2.7e-05
279 2.7e-05
3808 2.7e-05
3959 2.7e-05
3686 2.6e-05
3801 2.6e-05
3807 2.6e-05
648 2.6e-05
744 2.6e-05
1417 2.5e-05
1476 2.5e-05
1498 2.5e-05
2902 2.5e-05
3372 2.5e-05
3688 2.5e-05
384 2.5e-05
552 2.5e-05
1797 2.4e-05
2493 2.4e-05
2808 2.4e-05
3121 2.4e-05
383 2.4e-05
1792 2.3e-05
2998 2.3e-05
207 2.1e-05
216 2.1e-05
2219 2.1e-05
2798 2.1e-05
3413 2.1e-05
4033 2.1e-05
157 2e-05
859 2e-05
883 2e-05
891 2e-05
1071 1.9e-05
1253 1.9e-05
206 1.9e-05
2722 1.9e-05
3006 1.9e-05
3134 1.9e-05
3408 1.9e-05
443 1.9e-05
468 1.9e-05
1022 1.8e-05
228 1.8e-05
3282 1.8e-05
3983 1.8e-05
3992 1.8e-05
2481 1.7e-05
3451 1.7e-05
3453 1.7e-05
3619 1.7e-05
3691 1.7e-05
3729 1.7e-05
3748 1.7e-05
377 1.7e-05
3798 1.7e-05
3853 1.7e-05
3856 1.7e-05
448 1.7e-05
1967 1.6e-05
2788 1.6e-05
3268 1.6e-05
3407 1.6e-05
801 1.6e-05
841 1.6e-05
996 1.6e-05
1233 1.5e-05
164 1.5e-05
336 1.5e-05
1326 1.4e-05
2952 1.4e-05
81 1.4e-05
1002 1.3e-05
1027 1.3e-05
1176 1.3e-05
1208 1.3e-05
1276 1.3e-05
1353 1.3e-05
1627 1.3e-05
191 1.3e-05
1969 1.3e-05
2382 1.3e-05
2541 1.3e-05
602 1.3e-05
607 1.3e-05
608 1.3e-05
613 1.3e-05
624 1.3e-05
638 1.3e-05
668 1.3e-05
674 1.3e-05
1854 1.2e-05
1651 1.1e-05
288 1.1e-05
358 1.1e-05
447 1.1e-05
183 1e-05
234 9e-06
2842 9e-06
2857 9e-06
3031 9e-06
3071 9e-06
3183 9e-06
1096 8e-06
1206 8e-06
1262 8e-06
1386 8e-06
1466 8e-06
1558 8e-06
1581 8e-06
1693 8e-06
1834 8e-06
911 8e-06
918 8e-06
307 7e-06
4016 7e-06
2269 6e-06
2457 6e-06
2596 6e-06
286 6e-06
4001 5e-06
4007 5e-06
4029 5e-06
244 4e-06
282 1e-06
71 0.0
